"","DownEventID","UpEventID","DownTime","UpTime","ActionTime","DownEvent","UpEvent","Cursorposition","WordCount","TextChange","Activity"
"1",1,1,1538,1619,81,"Leftclick","Leftclick",0,0,"NoChange","Nonproduction"
"2",2,2,27437,27535,98,"Leftclick","Leftclick",0,0,"NoChange","Nonproduction"
"3",3,3,65029,65029,0,"Shift","Shift",0,0,"NoChange","Nonproduction"
"4",4,4,65106,65206,100,"T","t",1,1,"T","Input"
"5",5,5,65228,65288,60,"h","h",2,1,"h","Input"
"6",6,6,65278,65370,92,"e","e",3,1,"e","Input"
"7",7,7,65390,65501,111,"r","r",4,1,"r","Input"
"8",8,8,65454,65564,110,"e","e",5,1,"e","Input"
"9",9,9,65557,65670,113,"Space","Space",6,1," ","Input"
"10",10,10,65661,65731,70,"i","i",7,2,"i","Input"
"11",11,11,65729,65824,95,"s","s",8,2,"s","Input"
"12",12,12,65832,65904,72,"Space","Space",9,2," ","Input"
"13",13,13,65881,65982,101,"m","m",10,3,"m","Input"
"14",14,14,66087,66135,48,"u","u",11,3,"u","Input"
"15",15,15,66205,66305,100,"c","c",12,3,"c","Input"
"16",16,16,66285,66345,60,"h","h",13,3,"h","Input"
"17",17,17,66413,66521,108,"Space","Space",14,3," ","Input"
"18",18,18,66493,66593,100,"i","i",15,4,"i","Input"
"19",19,19,66635,66710,75,"r","r",16,4,"r","Input"
"20",20,20,66709,66840,131,"o","o",17,4,"o","Input"
"21",21,21,66780,66856,76,"n","n",18,4,"n","Input"
"22",22,22,67034,67090,56,"y","y",19,4,"y","Input"
"23",23,23,67359,67466,107,"Space","Space",20,4," ","Input"
"24",24,24,68664,68778,114,"i","i",21,5,"i","Input"
"25",25,25,68730,68810,80,"n","n",22,5,"n","Input"
"26",26,26,68844,68960,116,"Space","Space",23,5," ","Input"
"27",27,27,68971,69088,117,"c","c",24,6,"c","Input"
"28",28,28,69036,69090,54,"h","h",25,6,"h","Input"
"29",29,29,69144,69272,128,"a","a",26,6,"a","Input"
"30",30,30,69221,69355,134,"s","s",27,6,"s","Input"
"31",31,31,69280,69396,116,"i","i",28,6,"i","Input"
"32",32,32,69341,69423,82,"n","n",29,6,"n","Input"
"33",33,33,69464,69545,81,"g","g",30,6,"g","Input"
"34",34,34,69555,69656,101,"Space","Space",31,6," ","Input"
"35",35,35,69654,69765,111,"s","s",32,7,"s","Input"
"36",36,36,69725,69905,180,"o","o",33,7,"o","Input"
"37",37,37,69796,69875,79,"m","m",34,7,"m","Input"
"38",38,38,69873,69953,80,"e","e",35,7,"e","Input"
"39",39,39,70060,70146,86,"t","t",36,7,"t","Input"
"40",40,40,70123,70215,92,"h","h",37,7,"h","Input"
"41",41,41,70170,70356,186,"i","i",38,7,"i","Input"
"42",42,42,70277,70379,102,"n","n",39,7,"n","Input"
"43",43,43,70456,70508,52,"g","g",40,7,"g","Input"
"44",44,44,71115,71223,108,"Space","Space",41,7," ","Input"
"45",45,45,71371,71494,123,"t","t",42,8,"t","Input"
"46",46,46,71480,71578,98,"h","h",43,8,"h","Input"
"47",47,47,71564,71716,152,"a","a",44,8,"a","Input"
"48",48,48,71656,71739,83,"t","t",45,8,"t","Input"
"49",49,49,71836,71963,127,"Space","Space",46,8," ","Input"
"50",50,50,72138,72224,86,"e","e",47,9,"e","Input"
"51",51,51,72293,72405,112,"v","v",48,9,"v","Input"
"52",52,52,72462,72606,144,"e","e",49,9,"e","Input"
"53",53,53,72566,72640,74,"r","r",50,9,"r","Input"
"54",54,54,72656,72727,71,"y","y",51,9,"y","Input"
"55",55,55,72812,72972,160,"o","o",52,9,"o","Input"
"56",56,56,72896,72977,81,"n","n",53,9,"n","Input"
"57",57,57,73012,73093,81,"e","e",54,9,"e","Input"
"58",58,58,73202,73290,88,"Space","Space",55,9," ","Input"
"59",59,59,73443,73523,80,"d","d",56,10,"d","Input"
"60",60,60,73664,73695,31,"e","e",57,10,"e","Input"
"61",61,61,73776,73856,80,"e","e",58,10,"e","Input"
"62",62,62,73870,73956,86,"m","m",59,10,"m","Input"
"63",63,63,73982,74083,101,"s","s",60,10,"s","Input"
"64",64,64,74168,74284,116,"Space","Space",61,10," ","Input"
"65",65,65,77101,77216,115,"b","b",62,11,"b","Input"
"66",66,66,77355,77483,128,"a","a",63,11,"a","Input"
"67",67,67,78448,78531,83,"d","d",64,11,"d","Input"
"68",68,68,82192,82259,67,"Backspace","Backspace",63,11,"d","Remove/Cut"
"69",69,69,82340,82420,80,"Backspace","Backspace",62,11,"a","Remove/Cut"
"70",70,70,82492,82577,85,"Backspace","Backspace",61,10,"b","Remove/Cut"
"71",71,71,82613,82708,95,"Backspace","Backspace",60,10," ","Remove/Cut"
"72",72,72,82793,82861,68,"Backspace","Backspace",59,10,"s","Remove/Cut"
"73",73,73,82941,82991,50,"Backspace","Backspace",58,10,"m","Remove/Cut"
"74",74,74,83077,83134,57,"Backspace","Backspace",57,10,"e","Remove/Cut"
"75",75,75,83225,83293,68,"Backspace","Backspace",56,10,"e","Remove/Cut"
"76",76,76,83388,83444,56,"Backspace","Backspace",55,9,"d","Remove/Cut"
"77",77,77,83881,83977,96,"e","e",56,10,"e","Input"
"78",78,78,83969,84052,83,"l","l",57,10,"l","Input"
"79",79,79,84096,84200,104,"s","s",58,10,"s","Input"
"80",80,80,84152,84252,100,"e","e",59,10,"e","Input"
"81",81,81,84283,84394,111,"Space","Space",60,10," ","Input"
"82",82,82,84401,84463,62,"d","d",61,11,"d","Input"
"83",83,83,84571,84623,52,"e","e",62,11,"e","Input"
"84",84,84,84717,84789,72,"e","e",63,11,"e","Input"
"85",85,85,84805,84900,95,"m","m",64,11,"m","Input"
"86",86,86,84949,85049,100,"s","s",65,11,"s","Input"
"87",87,87,85366,85487,121,"Space","Space",66,11," ","Input"
"88",88,88,91706,91818,112,"b","b",67,12,"b","Input"
"89",89,89,91808,92006,198,"a","a",68,12,"a","Input"
"90",90,90,91933,92040,107,"d","d",69,12,"d","Input"
"91",91,91,92321,92387,66,"Leftclick","Leftclick",23,12,"NoChange","Nonproduction"
"92",92,92,93781,93899,118,"e","e",24,12,"e","Input"
"93",93,93,93922,94013,91,"v","v",25,12,"v","Input"
"94",94,94,94055,94182,127,"e","e",26,12,"e","Input"
"95",95,95,94155,94237,82,"r","r",27,12,"r","Input"
"96",96,96,94231,94295,64,"y","y",28,12,"y","Input"
"97",97,97,94366,94537,171,"o","o",29,12,"o","Input"
"98",98,98,94482,94573,91,"n","n",30,12,"n","Input"
"99",99,99,94587,94677,90,"e","e",31,12,"e","Input"
"100",100,100,94910,95001,91,"Space","Space",32,13," ","Input"
"101",101,101,96520,96620,100,"Leftclick","Leftclick",78,13,"NoChange","Nonproduction"
"102",102,102,97151,97229,78,".",".",79,13,".","Input"
"103",103,103,97477,97556,79,"Space","Space",80,13," ","Input"
"104",104,104,98570,98570,0,"Shift","Shift",80,13,"NoChange","Nonproduction"
"105",105,105,98655,98742,87,"W","w",81,14,"W","Input"
"106",106,106,98812,98884,72,"e","e",82,14,"e","Input"
"107",107,107,98960,99055,95,"Space","Space",83,14," ","Input"
"108",108,108,99024,99123,99,"o","o",84,15,"o","Input"
"109",109,109,99148,99229,81,"f","f",85,15,"f","Input"
"110",110,110,99343,99478,135,"t","t",86,15,"t","Input"
"111",111,111,99414,99505,91,"e","e",87,15,"e","Input"
"112",112,112,99607,99691,84,"n","n",88,15,"n","Input"
"113",113,113,99815,99881,66,"t","t",89,15,"t","Input"
"114",114,114,99850,99983,133,"i","i",90,15,"i","Input"
"115",115,115,99944,99982,38,"m","m",91,15,"m","Input"
"116",116,116,99998,100122,124,"e","e",92,15,"e","Input"
"117",117,117,100099,100203,104,"s","s",93,15,"s","Input"
"118",118,118,100212,100327,115,"Space","Space",94,15," ","Input"
"119",119,119,100390,100458,68,"v","v",95,16,"v","Input"
"120",120,120,100486,100570,84,"i","i",96,16,"i","Input"
"121",121,121,100616,100731,115,"e","e",97,16,"e","Input"
"122",122,122,100693,100796,103,"w","w",98,16,"w","Input"
"123",123,123,101581,101671,90,"Space","Space",99,16," ","Input"
"124",124,124,101707,101850,143,"m","m",100,17,"m","Input"
"125",125,125,101796,101908,112,"a","a",101,17,"a","Input"
"126",126,126,101903,101988,85,"t","t",102,17,"t","Input"
"127",127,127,101979,102117,138,"e","e",103,17,"e","Input"
"128",128,128,102083,102203,120,"r","r",104,17,"r","Input"
"129",129,129,102208,102291,83,"i","i",105,17,"i","Input"
"130",130,130,102366,102474,108,"a","a",106,17,"a","Input"
"131",131,131,102517,102609,92,"l","l",107,17,"l","Input"
"132",132,132,102601,102685,84,"i","i",108,17,"i","Input"
"133",133,133,103158,103257,99,"s","s",109,17,"s","Input"
"134",134,134,103255,103325,70,"m","m",110,17,"m","Input"
"135",135,135,104340,104455,115,"Space","Space",111,17," ","Input"
"136",136,136,105356,105486,130,"a","a",112,18,"a","Input"
"137",137,137,105442,105558,116,"s","s",113,18,"s","Input"
"138",138,138,106956,107072,116,"Space","Space",114,18," ","Input"
"139",139,139,107110,107206,96,"s","s",115,19,"s","Input"
"140",140,140,107223,107285,62,"u","u",116,19,"u","Input"
"141",141,141,107435,107515,80,"p","p",117,19,"p","Input"
"142",142,142,107540,107664,124,"e","e",118,19,"e","Input"
"143",143,143,107636,107705,69,"r","r",119,19,"r","Input"
"144",144,144,108000,108079,79,"f","f",120,19,"f","Input"
"145",145,145,108081,108156,75,"i","i",121,19,"i","Input"
"146",146,146,108249,108343,94,"c","c",122,19,"c","Input"
"147",147,147,108341,108409,68,"i","i",123,19,"i","Input"
"148",148,148,108443,108530,87,"a","a",124,19,"a","Input"
"149",149,149,108540,108622,82,"l","l",125,19,"l","Input"
"150",150,150,108842,108925,83,",",",",126,19,",","Input"
"151",151,151,109125,109188,63,"Space","Space",127,19," ","Input"
"152",152,152,118090,118163,73,"Backspace","Backspace",126,19," ","Remove/Cut"
"153",153,153,118242,118309,67,"Backspace","Backspace",125,19,",","Remove/Cut"
"154",154,154,118666,118761,95,"Space","Space",126,19," ","Input"
"155",155,155,118822,118907,85,"a","a",127,20,"a","Input"
"156",156,156,118898,118990,92,"n","n",128,20,"n","Input"
"157",157,157,119044,119132,88,"d","d",129,20,"d","Input"
"158",158,158,119222,119339,117,"Space","Space",130,20," ","Input"
"159",159,159,121692,121822,130,"a","a",131,21,"a","Input"
"160",160,160,121795,121862,67,"s","s",132,21,"s","Input"
"161",161,161,121941,122032,91,"s","s",133,21,"s","Input"
"162",162,162,122030,122122,92,"o","o",134,21,"o","Input"
"163",163,163,122163,122244,81,"c","c",135,21,"c","Input"
"164",164,164,122274,122359,85,"i","i",136,21,"i","Input"
"165",165,165,122346,122454,108,"a","a",137,21,"a","Input"
"166",166,166,122558,122693,135,"t","t",138,21,"t","Input"
"167",167,167,122639,122754,115,"e","e",139,21,"e","Input"
"168",168,168,122893,123012,119,"Space","Space",140,21," ","Input"
"169",169,169,124707,124746,39,"b","b",141,22,"b","Input"
"170",170,170,124726,124862,136,"a","a",142,22,"a","Input"
"171",171,171,124994,125078,84,"d","d",143,22,"d","Input"
"172",172,172,125206,125289,83,"Space","Space",144,22," ","Input"
"173",173,173,125307,125397,90,"c","c",145,23,"c","Input"
"174",174,174,125430,125501,71,"h","h",146,23,"h","Input"
"175",175,175,125508,125583,75,"a","a",147,23,"a","Input"
"176",176,176,125675,125777,102,"r","r",148,23,"r","Input"
"177",177,177,125775,125862,87,"a","a",149,23,"a","Input"
"178",178,178,125929,126000,71,"c","c",150,23,"c","Input"
"179",179,179,126147,126184,37,"t","t",151,23,"t","Input"
"180",180,180,126226,126321,95,"e","e",152,23,"e","Input"
"181",181,181,126472,126558,86,"r","r",153,23,"r","Input"
"182",182,182,126678,126797,119,"Space","Space",154,23," ","Input"
"183",183,183,126803,126898,95,"f","f",155,24,"f","Input"
"184",184,184,126894,126990,96,"l","l",156,24,"l","Input"
"185",185,185,126971,127113,142,"a","a",157,24,"a","Input"
"186",186,186,127071,127174,103,"w","w",158,24,"w","Input"
"187",187,187,127298,127384,86,"s","s",159,24,"s","Input"
"188",188,188,128093,128224,131,"Space","Space",160,24," ","Input"
"189",189,189,131491,131585,94,"t","t",161,25,"t","Input"
"190",190,190,131551,131646,95,"o","o",162,25,"o","Input"
"191",191,191,131681,131773,92,"Space","Space",163,25," ","Input"
"192",192,192,131708,131818,110,"t","t",164,26,"t","Input"
"193",193,193,131814,131890,76,"h","h",165,26,"h","Input"
"194",194,194,131839,131932,93,"o","o",166,26,"o","Input"
"195",195,195,131889,132053,164,"s","s",167,26,"s","Input"
"196",196,196,131993,132081,88,"e","e",168,26,"e","Input"
"197",197,197,132204,132284,80,"Space","Space",169,26," ","Input"
"198",198,198,132317,132405,88,"t","t",170,27,"t","Input"
"199",199,199,132389,132472,83,"h","h",171,27,"h","Input"
"200",200,200,132443,132576,133,"a","a",172,27,"a","Input"
"201",201,201,132525,132608,83,"t","t",173,27,"t","Input"
"202",202,202,132665,132789,124,"Space","Space",174,27," ","Input"
"203",203,203,134300,134402,102,"e","e",175,28,"e","Input"
"204",204,204,134366,134430,64,"n","n",176,28,"n","Input"
"205",205,205,134577,134658,81,"j","j",177,28,"j","Input"
"206",206,206,134632,134736,104,"o","o",178,28,"o","Input"
"207",207,207,134829,134905,76,"y","y",179,28,"y","Input"
"208",208,208,135000,135077,77,"Space","Space",180,28," ","Input"
"209",209,209,135080,135214,134,"t","t",181,29,"t","Input"
"210",210,210,135149,135214,65,"h","h",182,29,"h","Input"
"211",211,211,135205,135269,64,"e","e",183,29,"e","Input"
"212",212,212,135310,135397,87,"Space","Space",184,29," ","Input"
"213",213,213,135339,135412,73,"p","p",185,30,"p","Input"
"214",214,214,135434,135525,91,"r","r",186,30,"r","Input"
"215",215,215,135585,135688,103,"a","a",187,30,"a","Input"
"216",216,216,135748,135835,87,"c","c",188,30,"c","Input"
"217",217,217,135958,136005,47,"t","t",189,30,"t","Input"
"218",218,218,136025,136110,85,"i","i",190,30,"i","Input"
"219",219,219,136186,136289,103,"c","c",191,30,"c","Input"
"220",220,220,136273,136355,82,"e","e",192,30,"e","Input"
"221",221,221,136329,136447,118,"Space","Space",193,30," ","Input"
"222",222,222,136421,136520,99,"o","o",194,31,"o","Input"
"223",223,223,136561,136612,51,"f","f",195,31,"f","Input"
"224",224,224,136683,136786,103,"Space","Space",196,31," ","Input"
"225",225,225,138019,138105,86,"f","f",197,32,"f","Input"
"226",226,226,138211,138272,61,"r","r",198,32,"r","Input"
"227",227,227,138244,138379,135,"e","e",199,32,"e","Input"
"228",228,228,138414,138522,108,"q","q",200,32,"q","Input"
"229",229,229,138967,139022,55,"u","u",201,32,"u","Input"
"230",230,230,139137,139208,71,"e","e",202,32,"e","Input"
"231",231,231,139231,139310,79,"n","n",203,32,"n","Input"
"232",232,232,139341,139423,82,"t","t",204,32,"t","Input"
"233",233,233,139422,139489,67,"l","l",205,32,"l","Input"
"234",234,234,139621,139676,55,"y","y",206,32,"y","Input"
"235",235,235,139987,140075,88,"Space","Space",207,32," ","Input"
"236",236,236,142660,142766,106,"p","p",208,33,"p","Input"
"237",237,237,142712,142797,85,"u","u",209,33,"u","Input"
"238",238,238,142812,142885,73,"r","r",210,33,"r","Input"
"239",239,239,143063,143146,83,"c","c",211,33,"c","Input"
"240",240,240,143138,143205,67,"h","h",212,33,"h","Input"
"241",241,241,143266,143409,143,"a","a",213,33,"a","Input"
"242",242,242,143347,143500,153,"s","s",214,33,"s","Input"
"243",243,243,143469,143635,166,"i","i",215,33,"i","Input"
"244",244,244,143532,143629,97,"n","n",216,33,"n","Input"
"245",245,245,144717,144796,79,"Backspace","Backspace",215,33,"n","Remove/Cut"
"246",246,246,144869,144939,70,"Backspace","Backspace",214,33,"i","Remove/Cut"
"247",247,247,145016,145091,75,"Backspace","Backspace",213,33,"s","Remove/Cut"
"248",248,248,145162,145242,80,"Backspace","Backspace",212,33,"a","Remove/Cut"
"249",249,249,145308,145387,79,"Backspace","Backspace",211,33,"h","Remove/Cut"
"250",250,250,145458,145526,68,"Backspace","Backspace",210,33,"c","Remove/Cut"
"251",251,251,145601,145672,71,"Backspace","Backspace",209,33,"r","Remove/Cut"
"252",252,252,145746,145807,61,"Backspace","Backspace",208,33,"u","Remove/Cut"
"253",253,253,145897,145956,59,"Backspace","Backspace",207,32,"p","Remove/Cut"
"254",254,254,146183,146287,104,"s","s",208,33,"s","Input"
"255",255,255,146232,146306,74,"p","p",209,33,"p","Input"
"256",256,256,146365,146436,71,"e","e",210,33,"e","Input"
"257",257,257,146560,146635,75,"d","d",211,33,"d","Input"
"258",258,258,146820,146875,55,"Backspace","Backspace",210,33,"d","Remove/Cut"
"259",259,259,147013,147075,62,"n","n",211,33,"n","Input"
"260",260,260,147102,147190,88,"d","d",212,33,"d","Input"
"261",261,261,147188,147278,90,"i","i",213,33,"i","Input"
"262",262,262,147234,147312,78,"n","n",214,33,"n","Input"
"263",263,263,147309,147387,78,"g","g",215,33,"g","Input"
"264",264,264,147415,147528,113,"Space","Space",216,33," ","Input"
"265",265,265,147561,147690,129,"o","o",217,34,"o","Input"
"266",266,266,147662,147756,94,"n","n",218,34,"n","Input"
"267",267,267,147939,147998,59,"Backspace","Backspace",217,34,"n","Remove/Cut"
"268",268,268,148080,148159,79,"Backspace","Backspace",216,33,"o","Remove/Cut"
"269",269,269,148354,148471,117,"m","m",217,34,"m","Input"
"270",270,270,148469,148606,137,"o","o",218,34,"o","Input"
"271",271,271,148573,148631,58,"n","n",219,34,"n","Input"
"272",272,272,148704,148790,86,"e","e",220,34,"e","Input"
"273",273,273,148788,148843,55,"y","y",221,34,"y","Input"
"274",274,274,148923,148985,62,"Space","Space",222,34," ","Input"
"275",275,275,148983,149074,91,"a","a",223,35,"a","Input"
"276",276,276,149076,149159,83,"n","n",224,35,"n","Input"
"277",277,277,149147,149238,91,"d","d",225,35,"d","Input"
"278",278,278,149257,149341,84,"Space","Space",226,35," ","Input"
"279",279,279,149355,149447,92,"p","p",227,36,"p","Input"
"280",280,280,149422,149473,51,"u","u",228,36,"u","Input"
"281",281,281,149527,149574,47,"r","r",229,36,"r","Input"
"282",282,282,149764,149836,72,"c","c",230,36,"c","Input"
"283",283,283,149828,149903,75,"h","h",231,36,"h","Input"
"284",284,284,149924,150051,127,"a","a",232,36,"a","Input"
"285",285,285,150017,150107,90,"s","s",233,36,"s","Input"
"286",286,286,150129,150253,124,"i","i",234,36,"i","Input"
"287",287,287,150188,150280,92,"n","n",235,36,"n","Input"
"288",288,288,150347,150408,61,"g","g",236,36,"g","Input"
"289",289,289,150481,150582,101,"Space","Space",237,36," ","Input"
"290",290,290,150565,150624,59,"e","e",238,37,"e","Input"
"291",291,291,150776,150843,67,"x","x",239,37,"x","Input"
"292",292,292,150921,150992,71,"p","p",240,37,"p","Input"
"293",293,293,151081,151160,79,"e","e",241,37,"e","Input"
"294",294,294,151218,151301,83,"n","n",242,37,"n","Input"
"295",295,295,151342,151457,115,"s","s",243,37,"s","Input"
"296",296,296,151449,151536,87,"i","i",244,37,"i","Input"
"297",297,297,151596,151673,77,"v","v",245,37,"v","Input"
"298",298,298,151641,151716,75,"e","e",246,37,"e","Input"
"299",299,299,152109,152230,121,"Space","Space",247,37," ","Input"
"300",300,300,152300,152387,87,"i","i",248,38,"i","Input"
"301",301,301,152406,152506,100,"t","t",249,38,"t","Input"
"302",302,302,152458,152547,89,"e","e",250,38,"e","Input"
"303",303,303,152523,152625,102,"m","m",251,38,"m","Input"
"304",304,304,152652,152746,94,"s","s",252,38,"s","Input"
"305",305,305,153096,153199,103,".",".",253,38,".","Input"
"306",306,306,155540,155633,93,"Backspace","Backspace",252,38,".","Remove/Cut"
"307",307,307,156230,156305,75,"Space","Space",253,38," ","Input"
"308",308,308,156495,156606,111,"f","f",254,39,"f","Input"
"309",309,309,156586,156669,83,"o","o",255,39,"o","Input"
"310",310,310,156784,156843,59,"r","r",256,39,"r","Input"
"311",311,311,156886,156993,107,"Space","Space",257,39," ","Input"
"312",312,312,157858,157945,87,"y","y",258,40,"y","Input"
"313",313,313,158053,158182,129,"o","o",259,40,"o","Input"
"314",314,314,158152,158236,84,"u","u",260,40,"u","Input"
"315",315,315,158282,158354,72,"r","r",261,40,"r","Input"
"316",316,316,158344,158475,131,"Space","Space",262,40," ","Input"
"317",317,317,158413,158524,111,"o","o",263,41,"o","Input"
"318",318,318,158527,158624,97,"w","w",264,41,"w","Input"
"319",319,319,158631,158728,97,"n","n",265,41,"n","Input"
"320",320,320,158815,158895,80,"Space","Space",266,41," ","Input"
"321",321,321,158978,159064,86,"c","c",267,42,"c","Input"
"322",322,322,159007,159117,110,"o","o",268,42,"o","Input"
"323",323,323,159196,159263,67,"f","f",269,42,"f","Input"
"324",324,324,159279,159360,81,"o","o",270,42,"o","Input"
"325",325,325,159398,159454,56,"r","r",271,42,"r","Input"
"326",326,326,159631,159702,71,"t","t",272,42,"t","Input"
"327",327,327,159962,160029,67,"Backspace","Backspace",271,42,"t","Remove/Cut"
"328",328,328,160102,160229,127,"Backspace","Backspace",270,42,"r","Remove/Cut"
"329",329,329,160319,160390,71,"Backspace","Backspace",269,42,"o","Remove/Cut"
"330",330,330,160626,160697,71,"Backspace","Backspace",268,42,"f","Remove/Cut"
"331",331,331,160881,160963,82,"m","m",269,42,"m","Input"
"332",332,332,161157,161240,83,"f","f",270,42,"f","Input"
"333",333,333,161211,161280,69,"o","o",271,42,"o","Input"
"334",334,334,161357,161432,75,"r","r",272,42,"r","Input"
"335",335,335,161533,161608,75,"t","t",273,42,"t","Input"
"336",336,336,161614,161697,83,"Space","Space",274,42," ","Input"
"337",337,337,161696,161798,102,"a","a",275,43,"a","Input"
"338",338,338,161777,161847,70,"n","n",276,43,"n","Input"
"339",339,339,161855,161960,105,"d","d",277,43,"d","Input"
"340",340,340,161981,162070,89,"Space","Space",278,43," ","Input"
"341",341,341,162235,162302,67,"h","h",279,44,"h","Input"
"342",342,342,162415,162529,114,"a","a",280,44,"a","Input"
"343",343,343,162495,162545,50,"p","p",281,44,"p","Input"
"344",344,344,162636,162690,54,"p","p",282,44,"p","Input"
"345",345,345,162710,162843,133,"i","i",283,44,"i","Input"
"346",346,346,162800,162891,91,"n","n",284,44,"n","Input"
"347",347,347,162904,163044,140,"e","e",285,44,"e","Input"
"348",348,348,163003,163109,106,"s","s",286,44,"s","Input"
"349",349,349,163181,163264,83,"s","s",287,44,"s","Input"
"350",350,350,163414,163485,71,".",".",288,44,".","Input"
"351",351,351,163992,164083,91,"Space","Space",289,44," ","Input"
"352",352,352,170395,170395,0,"Shift","Shift",289,44,"NoChange","Nonproduction"
"353",353,353,170481,170565,84,"R","r",290,45,"R","Input"
"354",354,354,170684,170775,91,"e","e",291,45,"e","Input"
"355",355,355,170993,171087,94,"g","g",292,45,"g","Input"
"356",356,356,171107,171280,173,"a","a",293,45,"a","Input"
"357",357,357,171253,171331,78,"r","r",294,45,"r","Input"
"358",358,358,171274,171419,145,"d","d",295,45,"d","Input"
"359",359,359,171442,171526,84,"l","l",296,45,"l","Input"
"360",360,360,171573,171716,143,"e","e",297,45,"e","Input"
"361",361,361,171661,171768,107,"s","s",298,45,"s","Input"
"362",362,362,171856,171951,95,"s","s",299,45,"s","Input"
"363",363,363,173812,173905,93,",",",",300,45,",","Input"
"364",364,364,174218,174295,77,"Space","Space",301,45," ","Input"
"365",365,365,174660,174741,81,"Space","Space",302,45," ","Input"
"366",366,366,175028,175098,70,"Backspace","Backspace",301,45," ","Remove/Cut"
"367",367,367,185437,185540,103,"t","t",302,46,"t","Input"
"368",368,368,185490,185585,95,"h","h",303,46,"h","Input"
"369",369,369,185622,185721,99,"e","e",304,46,"e","Input"
"370",370,370,185729,185840,111,"r","r",305,46,"r","Input"
"371",371,371,185822,185913,91,"e","e",306,46,"e","Input"
"372",372,372,187677,187778,101,"Space","Space",307,46," ","Input"
"373",373,373,187909,187984,75,"i","i",308,47,"i","Input"
"374",374,374,188021,188111,90,"s","s",309,47,"s","Input"
"375",375,375,188190,188309,119,"Space","Space",310,47," ","Input"
"376",376,376,188529,188630,101,"a","a",311,48,"a","Input"
"377",377,377,188647,188735,88,"Space","Space",312,48," ","Input"
"378",378,378,188858,188980,122,"s","s",313,49,"s","Input"
"379",379,379,188978,189054,76,"e","e",314,49,"e","Input"
"380",380,380,189051,189151,100,"n","n",315,49,"n","Input"
"381",381,381,189153,189281,128,"s","s",316,49,"s","Input"
"382",382,382,189240,189316,76,"e","e",317,49,"e","Input"
"383",383,383,189350,189475,125,"Space","Space",318,49," ","Input"
"384",384,384,189467,189554,87,"o","o",319,50,"o","Input"
"385",385,385,189564,189654,90,"f","f",320,50,"f","Input"
"386",386,386,189737,189832,95,"Space","Space",321,50," ","Input"
"387",387,387,201329,201391,62,"Backspace","Backspace",320,50," ","Remove/Cut"
"388",388,388,201495,201566,71,"Backspace","Backspace",319,50,"f","Remove/Cut"
"389",389,389,201653,201708,55,"Backspace","Backspace",318,49,"o","Remove/Cut"
"390",390,390,201804,201882,78,"Backspace","Backspace",317,49," ","Remove/Cut"
"391",391,391,201967,202037,70,"Backspace","Backspace",316,49,"e","Remove/Cut"
"392",392,392,202123,202199,76,"Backspace","Backspace",315,49,"s","Remove/Cut"
"393",393,393,202284,202364,80,"Backspace","Backspace",314,49,"n","Remove/Cut"
"394",394,394,202454,202529,75,"Backspace","Backspace",313,49,"e","Remove/Cut"
"395",395,395,202623,202709,86,"Backspace","Backspace",312,48,"s","Remove/Cut"
"396",396,396,202790,202875,85,"Backspace","Backspace",311,48," ","Remove/Cut"
"397",397,397,208396,208464,68,"Space","Space",312,48," ","Input"
"398",398,398,211372,211461,89,"Backspace","Backspace",311,48," ","Remove/Cut"
"399",399,399,211590,211638,48,"Backspace","Backspace",310,47,"a","Remove/Cut"
"400",400,400,211741,211808,67,"Backspace","Backspace",309,47," ","Remove/Cut"
"401",401,401,211896,211966,70,"Backspace","Backspace",308,47,"s","Remove/Cut"
"402",402,402,212054,212133,79,"Backspace","Backspace",307,46,"i","Remove/Cut"
"403",403,403,212216,212302,86,"Backspace","Backspace",306,46," ","Remove/Cut"
"404",404,404,212391,212454,63,"Backspace","Backspace",305,46,"e","Remove/Cut"
"405",405,405,212551,212630,79,"Backspace","Backspace",304,46,"r","Remove/Cut"
"406",406,406,212729,212806,77,"Backspace","Backspace",303,46,"e","Remove/Cut"
"407",407,407,212914,212998,84,"Backspace","Backspace",302,46,"h","Remove/Cut"
"408",408,408,213224,213314,90,"Backspace","Backspace",301,45,"t","Remove/Cut"
"409",409,409,214541,214675,134,"t","t",302,46,"t","Input"
"410",410,410,214681,214771,90,"h","h",303,46,"h","Input"
"411",411,411,214907,214974,67,"e","e",304,46,"e","Input"
"412",412,412,215272,215369,97,"Backspace","Backspace",303,46,"e","Remove/Cut"
"413",413,413,215595,215673,78,"Backspace","Backspace",302,46,"h","Remove/Cut"
"414",414,414,216857,216923,66,"h","h",303,46,"h","Input"
"415",415,415,216973,217075,102,"e","e",304,46,"e","Input"
"416",416,416,217073,217215,142,"r","r",305,46,"r","Input"
"417",417,417,217182,217305,123,"e","e",306,46,"e","Input"
"418",418,418,217379,217492,113,"Space","Space",307,46," ","Input"
"419",419,419,217481,217578,97,"a","a",308,47,"a","Input"
"420",420,420,217561,217651,90,"r","r",309,47,"r","Input"
"421",421,421,217577,217726,149,"e","e",310,47,"e","Input"
"422",422,422,218635,218757,122,"Space","Space",311,47," ","Input"
"423",423,423,219453,219555,102,"t","t",312,48,"t","Input"
"424",424,424,219495,219600,105,"w","w",313,48,"w","Input"
"425",425,425,219596,219695,99,"o","o",314,48,"o","Input"
"426",426,426,219713,219823,110,"Space","Space",315,48," ","Input"
"427",427,427,219790,219885,95,"s","s",316,49,"s","Input"
"428",428,428,219898,219992,94,"i","i",317,49,"i","Input"
"429",429,429,219969,220039,70,"d","d",318,49,"d","Input"
"430",430,430,220153,220279,126,"e","e",319,49,"e","Input"
"431",431,431,220226,220360,134,"s","s",320,49,"s","Input"
"432",432,432,220394,220521,127,"Space","Space",321,49," ","Input"
"433",433,433,221942,222054,112,"o","o",322,50,"o","Input"
"434",434,434,222075,222158,83,"f","f",323,50,"f","Input"
"435",435,435,222196,222311,115,"Space","Space",324,50," ","Input"
"436",436,436,222308,222387,79,"v","v",325,51,"v","Input"
"437",437,437,222417,222484,67,"i","i",326,51,"i","Input"
"438",438,438,222496,222649,153,"e","e",327,51,"e","Input"
"439",439,439,222582,222706,124,"w","w",328,51,"w","Input"
"440",440,440,222690,222809,119,"i","i",329,51,"i","Input"
"441",441,441,222741,222840,99,"n","n",330,51,"n","Input"
"442",442,442,222893,222963,70,"g","g",331,51,"g","Input"
"443",443,443,223123,223270,147,"Space","Space",332,51," ","Input"
"444",444,444,224840,224939,99,"m","m",333,52,"m","Input"
"445",445,445,224936,225054,118,"a","a",334,52,"a","Input"
"446",446,446,225048,225158,110,"t","t",335,52,"t","Input"
"447",447,447,225130,225300,170,"e","e",336,52,"e","Input"
"448",448,448,225271,225364,93,"r","r",337,52,"r","Input"
"449",449,449,225380,225465,85,"i","i",338,52,"i","Input"
"450",450,450,225503,225625,122,"a","a",339,52,"a","Input"
"451",451,451,225591,225674,83,"l","l",340,52,"l","Input"
"452",452,452,225731,225819,88,"i","i",341,52,"i","Input"
"453",453,453,225926,226044,118,"s","s",342,52,"s","Input"
"454",454,454,226048,226144,96,"m","m",343,52,"m","Input"
"455",455,455,227171,227255,84,",",",",344,52,",","Input"
"456",456,456,227424,227522,98,"Space","Space",345,52," ","Input"
"457",457,457,227555,227648,93,"a","a",346,53,"a","Input"
"458",458,458,227636,227745,109,"n","n",347,53,"n","Input"
"459",459,459,227712,227819,107,"d","d",348,53,"d","Input"
"460",460,460,227890,227985,95,"Space","Space",349,53," ","Input"
"461",461,461,235122,237589,2467,"Leftclick","Leftclick",349,53,"NoChange","Nonproduction"
"462",462,462,238092,238092,0,"Shift","Shift",349,53,"NoChange","Nonproduction"
"463",463,463,238119,238217,98,"O","o",290,45,"Regardless, there are two sides of viewing materialism, and  => O","Replace"
"464",464,464,238287,238370,83,"r","r",291,45,"r","Input"
"465",465,465,238367,238474,107,"Space","Space",292,45," ","Input"
"466",466,466,238428,238575,147,"o","o",293,46,"o","Input"
"467",467,467,238549,238580,31,"n","n",294,46,"n","Input"
"468",468,468,238609,238705,96,"Space","Space",295,46," ","Input"
"469",469,469,238787,238901,114,"t","t",296,47,"t","Input"
"470",470,470,238854,238941,87,"h","h",297,47,"h","Input"
"471",471,471,238978,239055,77,"e","e",298,47,"e","Input"
"472",472,472,239062,239172,110,"Space","Space",299,47," ","Input"
"473",473,473,239226,239328,102,"f","f",300,48,"f","Input"
"474",474,474,239256,239341,85,"l","l",301,48,"l","Input"
"475",475,475,239330,239428,98,"i","i",302,48,"i","Input"
"476",476,476,239484,239566,82,"p","p",303,48,"p","Input"
"477",477,477,239744,239833,89,"Space","Space",304,48," ","Input"
"478",478,478,239846,239949,103,"s","s",305,49,"s","Input"
"479",479,479,239924,239986,62,"i","i",306,49,"i","Input"
"480",480,480,240009,240086,77,"d","d",307,49,"d","Input"
"481",481,481,240207,240257,50,"e","e",308,49,"e","Input"
"482",482,482,240640,240718,78,",",",",309,49,",","Input"
"483",483,483,240957,241039,82,"Space","Space",310,49," ","Input"
"484",484,484,243754,243887,133,"w","w",311,50,"w","Input"
"485",485,485,243832,243959,127,"e","e",312,50,"e","Input"
"486",486,486,244201,244249,48,"Backspace","Backspace",311,50,"e","Remove/Cut"
"487",487,487,244319,244383,64,"Backspace","Backspace",310,49,"w","Remove/Cut"
"488",488,488,244468,244558,90,"s","s",311,50,"s","Input"
"489",489,489,244550,244659,109,"o","o",312,50,"o","Input"
"490",490,490,244630,244705,75,"m","m",313,50,"m","Input"
"491",491,491,244726,244788,62,"e","e",314,50,"e","Input"
"492",492,492,244880,244971,91,"Space","Space",315,50," ","Input"
"493",493,493,244963,245042,79,"m","m",316,51,"m","Input"
"494",494,494,245064,245153,89,"a","a",317,51,"a","Input"
"495",495,495,245185,245265,80,"y","y",318,51,"y","Input"
"496",496,496,245422,245528,106,"Space","Space",319,51," ","Input"
"497",497,497,245763,245849,86,"v","v",320,52,"v","Input"
"498",498,498,245875,245955,80,"i","i",321,52,"i","Input"
"499",499,499,245975,246078,103,"e","e",322,52,"e","Input"
"500",500,500,246024,246135,111,"w","w",323,52,"w","Input"
"501",501,501,247022,247115,93,"Space","Space",324,52," ","Input"
"502",502,502,247633,247716,83,"i","i",325,53,"i","Input"
"503",503,503,247750,247857,107,"t","t",326,53,"t","Input"
"504",504,504,247904,248002,98,"Space","Space",327,53," ","Input"
"505",505,505,248106,248284,178,"a","a",328,54,"a","Input"
"506",506,506,248219,248351,132,"s","s",329,54,"s","Input"
"507",507,507,248454,248555,101,"Space","Space",330,54," ","Input"
"508",508,508,248628,248736,108,"a","a",331,55,"a","Input"
"509",509,509,248732,248807,75,"n","n",332,55,"n","Input"
"510",510,510,248856,248973,117,"Space","Space",333,55," ","Input"
"511",511,511,248995,249048,53,"e","e",334,56,"e","Input"
"512",512,512,249193,249271,78,"x","x",335,56,"x","Input"
"513",513,513,249314,249385,71,"p","p",336,56,"p","Input"
"514",514,514,249454,249550,96,"r","r",337,56,"r","Input"
"515",515,515,249534,249648,114,"e","e",338,56,"e","Input"
"516",516,516,249585,249675,90,"s","s",339,56,"s","Input"
"517",517,517,249756,249863,107,"s","s",340,56,"s","Input"
"518",518,518,249848,250041,193,"i","i",341,56,"i","Input"
"519",519,519,249920,250058,138,"o","o",342,56,"o","Input"
"520",520,520,249983,250062,79,"n","n",343,56,"n","Input"
"521",521,521,250205,250297,92,"Space","Space",344,56," ","Input"
"522",522,522,250261,250339,78,"o","o",345,57,"o","Input"
"523",523,523,250444,250530,86,"f","f",346,57,"f","Input"
"524",524,524,250889,251004,115,"Backspace","Backspace",345,57,"f","Remove/Cut"
"525",525,525,251092,251191,99,"Backspace","Backspace",344,56,"o","Remove/Cut"
"526",526,526,258715,258815,100,"o","o",345,57,"o","Input"
"527",527,527,258813,258909,96,"f","f",346,57,"f","Input"
"528",528,528,258893,258998,105,"Space","Space",347,57," ","Input"
"529",529,529,258949,259087,138,"o","o",348,58,"o","Input"
"530",530,530,259045,259135,90,"n","n",349,58,"n","Input"
"531",531,531,259175,259283,108,"e","e",350,58,"e","Input"
"532",532,532,259376,259508,132,"s","s",351,58,"s","Input"
"533",533,533,259472,259538,66,"e","e",352,58,"e","Input"
"534",534,534,259534,259626,92,"l","l",353,58,"l","Input"
"535",535,535,259719,259780,61,"f","f",354,58,"f","Input"
"536",536,536,265141,265228,87,".",".",355,58,".","Input"
"537",537,537,266142,266207,65,"Space","Space",356,58," ","Input"
"538",538,538,268309,268309,0,"Shift","Shift",356,58,"NoChange","Nonproduction"
"539",539,539,268400,268508,108,"R","r",357,59,"R","Input"
"540",540,540,268584,268682,98,"e","e",358,59,"e","Input"
"541",541,541,268802,268916,114,"g","g",359,59,"g","Input"
"542",542,542,268920,269066,146,"a","a",360,59,"a","Input"
"543",543,543,269041,269147,106,"r","r",361,59,"r","Input"
"544",544,544,269094,269205,111,"d","d",362,59,"d","Input"
"545",545,545,269197,269279,82,"l","l",363,59,"l","Input"
"546",546,546,269334,269468,134,"e","e",364,59,"e","Input"
"547",547,547,269410,269504,94,"s","s",365,59,"s","Input"
"548",548,548,269586,269672,86,"s","s",366,59,"s","Input"
"549",549,549,269780,269886,106,"Space","Space",367,59," ","Input"
"550",550,550,269991,270106,115,"o","o",368,60,"o","Input"
"551",551,551,270096,270191,95,"f","f",369,60,"f","Input"
"552",552,552,270175,270266,91,"Space","Space",370,60," ","Input"
"553",553,553,270238,270327,89,"h","h",371,61,"h","Input"
"554",554,554,270280,270375,95,"o","o",372,61,"o","Input"
"555",555,555,270348,270421,73,"w","w",373,61,"w","Input"
"556",556,556,270465,270584,119,"Space","Space",374,61," ","Input"
"557",557,557,270530,270636,106,"i","i",375,62,"i","Input"
"558",558,558,270686,270737,51,"t","t",376,62,"t","Input"
"559",559,559,270899,270979,80,"Space","Space",377,62," ","Input"
"560",560,560,270991,271055,64,"i","i",378,63,"i","Input"
"561",561,561,271219,271295,76,"s","s",379,63,"s","Input"
"562",562,562,271837,271947,110,"Space","Space",380,63," ","Input"
"563",563,563,273274,273356,82,"v","v",381,64,"v","Input"
"564",564,564,273394,273461,67,"i","i",382,64,"i","Input"
"565",565,565,273508,273656,148,"e","e",383,64,"e","Input"
"566",566,566,273619,273737,118,"w","w",384,64,"w","Input"
"567",567,567,274143,274203,60,"e","e",385,64,"e","Input"
"568",568,568,274337,274426,89,"d","d",386,64,"d","Input"
"569",569,569,274518,274627,109,"Space","Space",387,64," ","Input"
"570",570,570,274671,274732,61,"b","b",388,65,"b","Input"
"571",571,571,274767,274836,69,"y","y",389,65,"y","Input"
"572",572,572,274854,274919,65,"Space","Space",390,65," ","Input"
"573",573,573,274954,275028,74,"t","t",391,66,"t","Input"
"574",574,574,275015,275065,50,"h","h",392,66,"h","Input"
"575",575,575,275085,275183,98,"e","e",393,66,"e","Input"
"576",576,576,275179,275243,64,"Space","Space",394,66," ","Input"
"577",577,577,275357,275500,143,"m","m",395,67,"m","Input"
"578",578,578,275592,275701,109,"a","a",396,67,"a","Input"
"579",579,579,275728,275850,122,"j","j",397,67,"j","Input"
"580",580,580,275879,276011,132,"o","o",398,67,"o","Input"
"581",581,581,276339,276438,99,"r","r",399,67,"r","Input"
"582",582,582,276405,276487,82,"i","i",400,67,"i","Input"
"583",583,583,276517,276599,82,"t","t",401,67,"t","Input"
"584",584,584,276629,276692,63,"y","y",402,67,"y","Input"
"585",585,585,277228,277307,79,",",",",403,67,",","Input"
"586",586,586,277496,277569,73,"Space","Space",404,67," ","Input"
"587",587,587,280282,280379,97,"m","m",405,68,"m","Input"
"588",588,588,280389,280509,120,"a","a",406,68,"a","Input"
"589",589,589,280476,280550,74,"t","t",407,68,"t","Input"
"590",590,590,280553,280705,152,"e","e",408,68,"e","Input"
"591",591,591,280672,280750,78,"r","r",409,68,"r","Input"
"592",592,592,280757,280846,89,"i","i",410,68,"i","Input"
"593",593,593,280937,281039,102,"l","l",411,68,"l","Input"
"594",594,594,281612,281665,53,"Backspace","Backspace",410,68,"l","Remove/Cut"
"595",595,595,282098,282203,105,"a","a",411,68,"a","Input"
"596",596,596,282690,282776,86,"l","l",412,68,"l","Input"
"597",597,597,282884,282982,98,"Space","Space",413,68," ","Input"
"598",598,598,283157,283218,61,"Backspace","Backspace",412,68," ","Remove/Cut"
"599",599,599,283409,283485,76,"i","i",413,68,"i","Input"
"600",600,600,283576,283674,98,"s","s",414,68,"s","Input"
"601",601,601,283652,283730,78,"m","m",415,68,"m","Input"
"602",602,602,283927,284035,108,"Space","Space",416,68," ","Input"
"603",603,603,285990,286063,73,"p","p",417,69,"p","Input"
"604",604,604,286067,286156,89,"r","r",418,69,"r","Input"
"605",605,605,286149,286267,118,"o","o",419,69,"o","Input"
"606",606,606,286249,286357,108,"m","m",420,69,"m","Input"
"607",607,607,286342,286424,82,"o","o",421,69,"o","Input"
"608",608,608,286428,286504,76,"s","s",422,69,"s","Input"
"609",609,609,286701,286749,48,"Backspace","Backspace",421,69,"s","Remove/Cut"
"610",610,610,286842,286995,153,"t","t",422,69,"t","Input"
"611",611,611,286923,287046,123,"e","e",423,69,"e","Input"
"612",612,612,287002,287137,135,"s","s",424,69,"s","Input"
"613",613,613,287569,287690,121,"Space","Space",425,69," ","Input"
"614",614,614,287744,287825,81,"a","a",426,70,"a","Input"
"615",615,615,287884,287993,109,"Space","Space",427,70," ","Input"
"616",616,616,288000,288077,77,"v","v",428,71,"v","Input"
"617",617,617,288134,288265,131,"e","e",429,71,"e","Input"
"618",618,618,288242,288314,72,"r","r",430,71,"r","Input"
"619",619,619,288292,288374,82,"y","y",431,71,"y","Input"
"620",620,620,288416,288524,108,"Space","Space",432,71," ","Input"
"621",621,621,288496,288556,60,"u","u",433,72,"u","Input"
"622",622,622,288678,288739,61,"n","n",434,72,"n","Input"
"623",623,623,288910,288979,69,"Backspace","Backspace",433,72,"n","Remove/Cut"
"624",624,624,289060,289132,72,"Backspace","Backspace",432,71,"u","Remove/Cut"
"625",625,625,289195,289270,75,"Backspace","Backspace",431,71," ","Remove/Cut"
"626",626,626,289345,289413,68,"Backspace","Backspace",430,71,"y","Remove/Cut"
"627",627,627,289496,289550,54,"Backspace","Backspace",429,71,"r","Remove/Cut"
"628",628,628,289631,289697,66,"Backspace","Backspace",428,71,"e","Remove/Cut"
"629",629,629,289774,289836,62,"Backspace","Backspace",427,70,"v","Remove/Cut"
"630",630,630,290117,290188,71,"Backspace","Backspace",426,70," ","Remove/Cut"
"631",631,631,290347,290408,61,"n","n",427,70,"n","Input"
"632",632,632,290541,290622,81,"Space","Space",428,70," ","Input"
"633",633,633,290639,290700,61,"h","h",429,71,"h","Input"
"634",634,634,290799,290861,62,"e","e",430,71,"e","Input"
"635",635,635,291609,291705,96,"a","a",431,71,"a","Input"
"636",636,636,291925,292002,77,"l","l",432,71,"l","Input"
"637",637,637,292143,292219,76,"t","t",433,71,"t","Input"
"638",638,638,292217,292293,76,"h","h",434,71,"h","Input"
"639",639,639,292461,292500,39,"y","y",435,71,"y","Input"
"640",640,640,296285,296347,62,"Backspace","Backspace",434,71,"y","Remove/Cut"
"641",641,641,296444,296506,62,"Backspace","Backspace",433,71,"h","Remove/Cut"
"642",642,642,296588,296661,73,"Backspace","Backspace",432,71,"t","Remove/Cut"
"643",643,643,296732,296815,83,"Backspace","Backspace",431,71,"l","Remove/Cut"
"644",644,644,296850,296936,86,"Backspace","Backspace",430,71,"a","Remove/Cut"
"645",645,645,297026,297092,66,"Backspace","Backspace",429,71,"e","Remove/Cut"
"646",646,646,297180,297225,45,"Backspace","Backspace",428,70,"h","Remove/Cut"
"647",647,647,297754,297827,73,"u","u",429,71,"u","Input"
"648",648,648,298002,298084,82,"n","n",430,71,"n","Input"
"649",649,649,298227,298277,50,"h","h",431,71,"h","Input"
"650",650,650,298346,298467,121,"e","e",432,71,"e","Input"
"651",651,651,298410,298515,105,"a","a",433,71,"a","Input"
"652",652,652,298466,298550,84,"l","l",434,71,"l","Input"
"653",653,653,298638,298721,83,"t","t",435,71,"t","Input"
"654",654,654,298690,298737,47,"h","h",436,71,"h","Input"
"655",655,655,298862,298931,69,"y","y",437,71,"y","Input"
"656",656,656,301904,302023,119,"Space","Space",438,71," ","Input"
"657",657,657,302044,302134,90,"l","l",439,72,"l","Input"
"658",658,658,302090,302190,100,"i","i",440,72,"i","Input"
"659",659,659,302188,302299,111,"f","f",441,72,"f","Input"
"660",660,660,302221,302321,100,"e","e",442,72,"e","Input"
"661",661,661,302402,302540,138,"s","s",443,72,"s","Input"
"662",662,662,302534,302598,64,"t","t",444,72,"t","Input"
"663",663,663,302619,302733,114,"y","y",445,72,"y","Input"
"664",664,664,302717,302814,97,"l","l",446,72,"l","Input"
"665",665,665,302881,302961,80,"e","e",447,72,"e","Input"
"666",666,666,303120,303222,102,"Space","Space",448,72," ","Input"
"667",667,667,303307,303394,87,"a","a",449,73,"a","Input"
"668",668,668,303372,303452,80,"n","n",450,73,"n","Input"
"669",669,669,303557,303643,86,"d","d",451,73,"d","Input"
"670",670,670,305568,305705,137,"Space","Space",452,73," ","Input"
"671",671,671,306328,306433,105,"s","s",453,74,"s","Input"
"672",672,672,306564,306677,113,"t","t",454,74,"t","Input"
"673",673,673,306763,306816,53,"u","u",455,74,"u","Input"
"674",674,674,306944,307013,69,"n","n",456,74,"n","Input"
"675",675,675,307092,307210,118,"t","t",457,74,"t","Input"
"676",676,676,307480,307569,89,"s","s",458,74,"s","Input"
"677",677,677,309364,309446,82,"Space","Space",459,74," ","Input"
"678",678,678,310425,310551,126,"s","s",460,75,"s","Input"
"679",679,679,310596,310679,83,"o","o",461,75,"o","Input"
"680",680,680,310981,311063,82,"c","c",462,75,"c","Input"
"681",681,681,311158,311249,91,"e","e",463,75,"e","Input"
"682",682,682,311527,311608,81,"i","i",464,75,"i","Input"
"683",683,683,312331,312384,53,"Backspace","Backspace",463,75,"i","Remove/Cut"
"684",684,684,312466,312537,71,"Backspace","Backspace",462,75,"e","Remove/Cut"
"685",685,685,312697,312766,69,"i","i",463,75,"i","Input"
"686",686,686,312902,312975,73,"e","e",464,75,"e","Input"
"687",687,687,313442,313550,108,"t","t",465,75,"t","Input"
"688",688,688,313532,313629,97,"a","a",466,75,"a","Input"
"689",689,689,313689,313755,66,"l","l",467,75,"l","Input"
"690",690,690,313814,313953,139,"Space","Space",468,75," ","Input"
"691",691,691,313951,314008,57,"g","g",469,76,"g","Input"
"692",692,692,314179,314241,62,"r","r",470,76,"r","Input"
"693",693,693,314273,314349,76,"o","o",471,76,"o","Input"
"694",694,694,314357,314445,88,"w","w",472,76,"w","Input"
"695",695,695,314585,314650,65,"t","t",473,76,"t","Input"
"696",696,696,314711,314760,49,"h","h",474,76,"h","Input"
"697",697,697,316901,317010,109,"Space","Space",475,76," ","Input"
"698",698,698,317039,317154,115,"i","i",476,77,"i","Input"
"699",699,699,317139,317224,85,"n","n",477,77,"n","Input"
"700",700,700,317255,317343,88,"Space","Space",478,77," ","Input"
"701",701,701,317359,317391,32,"Space","Space",479,77," ","Input"
"702",702,702,317394,317487,93,"m","m",480,78,"m","Input"
"703",703,703,317551,317660,109,"a","a",481,78,"a","Input"
"704",704,704,317586,317653,67,"n","n",482,78,"n","Input"
"705",705,705,317805,317866,61,"y","y",483,78,"y","Input"
"706",706,706,317929,318024,95,"Space","Space",484,78," ","Input"
"707",707,707,318013,318138,125,"w","w",485,79,"w","Input"
"708",708,708,318089,318216,127,"a","a",486,79,"a","Input"
"709",709,709,318137,318210,73,"y","y",487,79,"y","Input"
"710",710,710,318316,318409,93,"s","s",488,79,"s","Input"
"711",711,711,318686,318775,89,".",".",489,79,".","Input"
"712",712,712,321917,321978,61,"ArrowDown","ArrowDown",489,79,"NoChange","Nonproduction"
"713",713,713,322518,322571,53,"ArrowUp","ArrowUp",395,79,"NoChange","Nonproduction"
"714",714,714,322656,322726,70,"ArrowUp","ArrowUp",294,79,"NoChange","Nonproduction"
"715",715,715,322798,322867,69,"ArrowUp","ArrowUp",201,79,"NoChange","Nonproduction"
"716",716,716,322941,322990,49,"ArrowUp","ArrowUp",99,79,"NoChange","Nonproduction"
"717",717,717,323077,323132,55,"ArrowUp","ArrowUp",5,79,"NoChange","Nonproduction"
"718",718,718,323270,323354,84,"ArrowUp","ArrowUp",0,79,"NoChange","Nonproduction"
"719",719,719,323690,323690,0,"Tab","Tab",0,79,"NoChange","Nonproduction"
"720",720,720,326420,326515,95,"Leftclick","Leftclick",0,79,"NoChange","Nonproduction"
"721",721,721,327364,327481,117,"Leftclick","Leftclick",489,79,"NoChange","Nonproduction"
"722",722,722,327968,328031,63,"Enter","Enter",490,79,"\n","Input"
"723",723,723,328137,328208,71,"Enter","Enter",491,79,"\n","Input"
"724",724,724,340015,340015,0,"Shift","Shift",491,79,"NoChange","Nonproduction"
"725",725,725,340125,340222,97,"M","m",492,79,"M","Input"
"726",726,726,340270,340329,59,"a","a",493,79,"a","Input"
"727",727,727,340427,340500,73,"t","t",494,79,"t","Input"
"728",728,728,340504,340659,155,"e","e",495,79,"e","Input"
"729",729,729,340636,340701,65,"r","r",496,79,"r","Input"
"730",730,730,340711,340854,143,"i","i",497,79,"i","Input"
"731",731,731,340835,340935,100,"l","l",498,79,"l","Input"
"732",732,732,341044,341138,94,"a","a",499,79,"a","Input"
"733",733,733,341159,341246,87,"i","i",500,79,"i","Input"
"734",734,734,341461,341506,45,"Backspace","Backspace",499,79,"i","Remove/Cut"
"735",735,735,341609,341645,36,"Backspace","Backspace",498,79,"a","Remove/Cut"
"736",736,736,341732,341801,69,"Backspace","Backspace",497,79,"l","Remove/Cut"
"737",737,737,341966,342048,82,"a","a",498,79,"a","Input"
"738",738,738,342043,342130,87,"l","l",499,79,"l","Input"
"739",739,739,342213,342289,76,"i","i",500,79,"i","Input"
"740",740,740,342363,342464,101,"s","s",501,79,"s","Input"
"741",741,741,342454,342544,90,"m","m",502,79,"m","Input"
"742",742,742,342799,342903,104,"Space","Space",503,79," ","Input"
"743",743,743,344862,344982,120,"s","s",504,80,"s","Input"
"744",744,744,345387,345498,111,"t","t",505,80,"t","Input"
"745",745,745,345445,345539,94,"e","e",506,80,"e","Input"
"746",746,746,345584,345665,81,"m","m",507,80,"m","Input"
"747",747,747,345729,345827,98,"s","s",508,80,"s","Input"
"748",748,748,346613,346674,61,"Backspace","Backspace",507,80,"s","Remove/Cut"
"749",749,749,346761,346826,65,"Backspace","Backspace",506,80,"m","Remove/Cut"
"750",750,750,346907,346972,65,"Backspace","Backspace",505,80,"e","Remove/Cut"
"751",751,751,347054,347112,58,"Backspace","Backspace",504,80,"t","Remove/Cut"
"752",752,752,347295,347384,89,"Backspace","Backspace",503,79,"s","Remove/Cut"
"753",753,753,348578,348659,81,"i","i",504,80,"i","Input"
"754",754,754,348685,348775,90,"s","s",505,80,"s","Input"
"755",755,755,348803,348869,66,"Space","Space",506,80," ","Input"
"756",756,756,348901,348967,66,"u","u",507,81,"u","Input"
"757",757,757,349042,349120,78,"s","s",508,81,"s","Input"
"758",758,758,349118,349158,40,"u","u",509,81,"u","Input"
"759",759,759,349296,349417,121,"a","a",510,81,"a","Input"
"760",760,760,349421,349490,69,"l","l",511,81,"l","Input"
"761",761,761,349564,349660,96,"l","l",512,81,"l","Input"
"762",762,762,349853,349913,60,"y","y",513,81,"y","Input"
"763",763,763,350901,350970,69,"Backspace","Backspace",512,81,"y","Remove/Cut"
"764",764,764,351053,351130,77,"Backspace","Backspace",511,81,"l","Remove/Cut"
"765",765,765,352558,352647,89,"l","l",512,81,"l","Input"
"766",766,766,353112,353180,68,"Backspace","Backspace",511,81,"l","Remove/Cut"
"767",767,767,353253,353319,66,"Backspace","Backspace",510,81,"l","Remove/Cut"
"768",768,768,353391,353458,67,"Backspace","Backspace",509,81,"a","Remove/Cut"
"769",769,769,353528,353603,75,"Backspace","Backspace",508,81,"u","Remove/Cut"
"770",770,770,353668,353745,77,"Backspace","Backspace",507,81,"s","Remove/Cut"
"771",771,771,353804,353870,66,"Backspace","Backspace",506,80,"u","Remove/Cut"
"772",772,772,353942,354011,69,"Backspace","Backspace",505,80," ","Remove/Cut"
"773",773,773,354085,354144,59,"Backspace","Backspace",504,80,"s","Remove/Cut"
"774",774,774,354221,354293,72,"Backspace","Backspace",503,79,"i","Remove/Cut"
"775",775,775,354657,354718,61,"u","u",504,80,"u","Input"
"776",776,776,354773,354858,85,"s","s",505,80,"s","Input"
"777",777,777,354861,354905,44,"u","u",506,80,"u","Input"
"778",778,778,355005,355095,90,"a","a",507,80,"a","Input"
"779",779,779,355115,355167,52,"l","l",508,80,"l","Input"
"780",780,780,355227,355300,73,"l","l",509,80,"l","Input"
"781",781,781,355457,355534,77,"y","y",510,80,"y","Input"
"782",782,782,355625,355754,129,"Space","Space",511,80," ","Input"
"783",783,783,356233,356311,78,"s","s",512,81,"s","Input"
"784",784,784,356521,356624,103,"t","t",513,81,"t","Input"
"785",785,785,356709,356832,123,"a","a",514,81,"a","Input"
"786",786,786,356812,356886,74,"r","r",515,81,"r","Input"
"787",787,787,356981,357049,68,"t","t",516,81,"t","Input"
"788",788,788,357163,357248,85,"s","s",517,81,"s","Input"
"789",789,789,357358,357459,101,"Space","Space",518,81," ","Input"
"790",790,790,357541,357603,62,"o","o",519,82,"o","Input"
"791",791,791,357670,357760,90,"u","u",520,82,"u","Input"
"792",792,792,357789,357851,62,"t","t",521,82,"t","Input"
"793",793,793,357892,357998,106,"Space","Space",522,82," ","Input"
"794",794,794,357964,358037,73,"w","w",523,83,"w","Input"
"795",795,795,358031,358097,66,"i","i",524,83,"i","Input"
"796",796,796,358128,358191,63,"t","t",525,83,"t","Input"
"797",797,797,358172,358261,89,"h","h",526,83,"h","Input"
"798",798,798,358267,358374,107,"Space","Space",527,83," ","Input"
"799",799,799,358432,358543,111,"h","h",528,84,"h","Input"
"800",800,800,358512,358601,89,"u","u",529,84,"u","Input"
"801",801,801,358754,358815,61,"m","m",530,84,"m","Input"
"802",802,802,358886,358958,72,"b","b",531,84,"b","Input"
"803",803,803,358987,359079,92,"l","l",532,84,"l","Input"
"804",804,804,359102,359163,61,"e","e",533,84,"e","Input"
"805",805,805,359283,359385,102,"Space","Space",534,84," ","Input"
"806",806,806,359427,359484,57,"b","b",535,85,"b","Input"
"807",807,807,359640,359658,18,"e","e",536,85,"e","Input"
"808",808,808,359746,359829,83,"g","g",537,85,"g","Input"
"809",809,809,359853,359959,106,"i","i",538,85,"i","Input"
"810",810,810,359936,359991,55,"n","n",539,85,"n","Input"
"811",811,811,360083,360158,75,"n","n",540,85,"n","Input"
"812",812,812,360145,360254,109,"i","i",541,85,"i","Input"
"813",813,813,360218,360295,77,"n","n",542,85,"n","Input"
"814",814,814,360368,360433,65,"g","g",543,85,"g","Input"
"815",815,815,361335,361468,133,"s","s",544,85,"s","Input"
"816",816,816,361754,361839,85,",",",",545,85,",","Input"
"817",817,817,362037,362115,78,"Space","Space",546,85," ","Input"
"818",818,818,362451,362558,107,"p","p",547,86,"p","Input"
"819",819,819,362524,362607,83,"u","u",548,86,"u","Input"
"820",820,820,362648,362705,57,"r","r",549,86,"r","Input"
"821",821,821,362878,362969,91,"c","c",550,86,"c","Input"
"822",822,822,362947,363015,68,"h","h",551,86,"h","Input"
"823",823,823,363050,363191,141,"a","a",552,86,"a","Input"
"824",824,824,363118,363234,116,"s","s",553,86,"s","Input"
"825",825,825,363195,363326,131,"i","i",554,86,"i","Input"
"826",826,826,363255,363341,86,"n","n",555,86,"n","Input"
"827",827,827,363414,363479,65,"g","g",556,86,"g","Input"
"828",828,828,363651,363730,79,"Space","Space",557,86," ","Input"
"829",829,829,363773,363850,77,"t","t",558,87,"t","Input"
"830",830,830,363833,363908,75,"h","h",559,87,"h","Input"
"831",831,831,363887,364053,166,"i","i",560,87,"i","Input"
"832",832,832,364004,364083,79,"n","n",561,87,"n","Input"
"833",833,833,364121,364219,98,"g","g",562,87,"g","Input"
"834",834,834,364194,364302,108,"s","s",563,87,"s","Input"
"835",835,835,364401,364494,93,"Space","Space",564,87," ","Input"
"836",836,836,364586,364647,61,"y","y",565,88,"y","Input"
"837",837,837,364728,364872,144,"o","o",566,88,"o","Input"
"838",838,838,364828,364899,71,"u","u",567,88,"u","Input"
"839",839,839,364901,365005,104,"Space","Space",568,88," ","Input"
"840",840,840,365063,365151,88,"n","n",569,89,"n","Input"
"841",841,841,365264,365322,58,"e","e",570,89,"e","Input"
"842",842,842,365436,365506,70,"e","e",571,89,"e","Input"
"843",843,843,365692,365760,68,"d","d",572,89,"d","Input"
"844",844,844,366070,366181,111,",",",",573,89,",","Input"
"845",845,845,367031,367155,124,"Space","Space",574,89," ","Input"
"846",846,846,368084,368153,69,"b","b",575,90,"b","Input"
"847",847,847,368187,368252,65,"u","u",576,90,"u","Input"
"848",848,848,368334,368392,58,"t","t",577,90,"t","Input"
"849",849,849,368491,368583,92,"Space","Space",578,90," ","Input"
"850",850,850,368652,368708,56,"t","t",579,91,"t","Input"
"851",851,851,368702,368810,108,"h","h",580,91,"h","Input"
"852",852,852,368780,368857,77,"i","i",581,91,"i","Input"
"853",853,853,368860,368963,103,"s","s",582,91,"s","Input"
"854",854,854,368999,369080,81,"Space","Space",583,91," ","Input"
"855",855,855,369035,369108,73,"p","p",584,92,"p","Input"
"856",856,856,369135,369179,44,"r","r",585,92,"r","Input"
"857",857,857,369202,369313,111,"o","o",586,92,"o","Input"
"858",858,858,369342,369445,103,"c","c",587,92,"c","Input"
"859",859,859,369550,369687,137,"e","e",588,92,"e","Input"
"860",860,860,369691,369779,88,"s","s",589,92,"s","Input"
"861",861,861,369897,369958,61,"s","s",590,92,"s","Input"
"862",862,862,370081,370190,109,"Space","Space",591,92," ","Input"
"863",863,863,370363,370456,93,"q","q",592,93,"q","Input"
"864",864,864,370442,370550,108,"u","u",593,93,"u","Input"
"865",865,865,370492,370577,85,"i","i",594,93,"i","Input"
"866",866,866,370628,370686,58,"c","c",595,93,"c","Input"
"867",867,867,370750,370815,65,"k","k",596,93,"k","Input"
"868",868,868,370789,370871,82,"l","l",597,93,"l","Input"
"869",869,869,370957,371026,69,"y","y",598,93,"y","Input"
"870",870,870,371075,371146,71,"Space","Space",599,93," ","Input"
"871",871,871,371248,371291,43,"m","m",600,94,"m","Input"
"872",872,872,371253,371368,115,"o","o",601,94,"o","Input"
"873",873,873,371508,371572,64,"r","r",602,94,"r","Input"
"874",874,874,372069,372187,118,"p","p",603,94,"p","Input"
"875",875,875,372164,372246,82,"h","h",604,94,"h","Input"
"876",876,876,372317,372417,100,"s","s",605,94,"s","Input"
"877",877,877,372447,372553,106,"Space","Space",606,94," ","Input"
"878",878,878,372495,372625,130,"i","i",607,95,"i","Input"
"879",879,879,372557,372648,91,"n","n",608,95,"n","Input"
"880",880,880,372709,372817,108,"t","t",609,95,"t","Input"
"881",881,881,372798,372890,92,"o","o",610,95,"o","Input"
"882",882,882,376664,377166,502,"Backspace","Backspace",609,95,"o","Remove/Cut"
"883",883,883,377166,377247,81,"Backspace","Backspace",608,95,"t","Remove/Cut"
"884",884,884,377247,377333,86,"Backspace","Backspace",607,95,"n","Remove/Cut"
"885",885,885,377333,377417,84,"Backspace","Backspace",606,94,"i","Remove/Cut"
"886",886,886,377417,377500,83,"Backspace","Backspace",605,94," ","Remove/Cut"
"887",887,887,377500,377584,84,"Backspace","Backspace",604,94,"s","Remove/Cut"
"888",888,888,377584,377668,84,"Backspace","Backspace",603,94,"h","Remove/Cut"
"889",889,889,377668,377700,32,"Backspace","Backspace",602,94,"p","Remove/Cut"
"890",890,890,377832,377905,73,"Backspace","Backspace",601,94,"r","Remove/Cut"
"891",891,891,377992,378045,53,"Backspace","Backspace",600,94,"o","Remove/Cut"
"892",892,892,378138,378213,75,"Backspace","Backspace",599,93,"m","Remove/Cut"
"893",893,893,379054,379173,119,"t","t",600,94,"t","Input"
"894",894,894,379118,379248,130,"r","r",601,94,"r","Input"
"895",895,895,379226,379311,85,"a","a",602,94,"a","Input"
"896",896,896,379309,379438,129,"n","n",603,94,"n","Input"
"897",897,897,379472,379569,97,"s","s",604,94,"s","Input"
"898",898,898,380526,380594,68,"Backspace","Backspace",603,94,"s","Remove/Cut"
"899",899,899,380672,380741,69,"Backspace","Backspace",602,94,"n","Remove/Cut"
"900",900,900,380822,380902,80,"Backspace","Backspace",601,94,"a","Remove/Cut"
"901",901,901,380975,381033,58,"Backspace","Backspace",600,94,"r","Remove/Cut"
"902",902,902,381274,381364,90,"Backspace","Backspace",599,93,"t","Remove/Cut"
"903",903,903,382571,382686,115,"d","d",600,94,"d","Input"
"904",904,904,383007,383050,43,"Backspace","Backspace",599,93,"d","Remove/Cut"
"905",905,905,383954,384065,111,"t","t",600,94,"t","Input"
"906",906,906,384025,384124,99,"r","r",601,94,"r","Input"
"907",907,907,384156,384231,75,"i","i",602,94,"i","Input"
"908",908,908,384467,384532,65,"c","c",603,94,"c","Input"
"909",909,909,384553,384645,92,"k","k",604,94,"k","Input"
"910",910,910,384719,384803,84,"s","s",605,94,"s","Input"
"911",911,911,384872,384989,117,"Space","Space",606,94," ","Input"
"912",912,912,384988,385072,84,"y","y",607,95,"y","Input"
"913",913,913,385326,385466,140,"o","o",608,95,"o","Input"
"914",914,914,385470,385566,96,"u","u",609,95,"u","Input"
"915",915,915,385681,385769,88,"r","r",610,95,"r","Input"
"916",916,916,385797,385947,150,"Space","Space",611,95," ","Input"
"917",917,917,386047,386072,25,"p","p",612,96,"p","Input"
"918",918,918,386515,386590,75,"Backspace","Backspace",611,95,"p","Remove/Cut"
"919",919,919,386760,386804,44,"b","b",612,96,"b","Input"
"920",920,920,387006,387131,125,"r","r",613,96,"r","Input"
"921",921,921,387101,387228,127,"a","a",614,96,"a","Input"
"922",922,922,387198,387327,129,"i","i",615,96,"i","Input"
"923",923,923,387267,387351,84,"n","n",616,96,"n","Input"
"924",924,924,387508,387627,119,"Space","Space",617,96," ","Input"
"925",925,925,387596,387729,133,"i","i",618,97,"i","Input"
"926",926,926,387671,387750,79,"n","n",619,97,"n","Input"
"927",927,927,387815,387905,90,"t","t",620,97,"t","Input"
"928",928,928,387889,388009,120,"o","o",621,97,"o","Input"
"929",929,929,390651,390767,116,"Space","Space",622,97," ","Input"
"930",930,930,390765,390878,113,"t","t",623,98,"t","Input"
"931",931,931,390837,390905,68,"h","h",624,98,"h","Input"
"932",932,932,390876,390950,74,"i","i",625,98,"i","Input"
"933",933,933,391036,391109,73,"n","n",626,98,"n","Input"
"934",934,934,391059,391129,70,"k","k",627,98,"k","Input"
"935",935,935,391233,391374,141,"i","i",628,98,"i","Input"
"936",936,936,391294,391379,85,"n","n",629,98,"n","Input"
"937",937,937,391448,391510,62,"g","g",630,98,"g","Input"
"938",938,938,391571,391662,91,"Space","Space",631,98," ","Input"
"939",939,939,391671,391739,68,"t","t",632,99,"t","Input"
"940",940,940,391733,391820,87,"h","h",633,99,"h","Input"
"941",941,941,391809,391943,134,"a","a",634,99,"a","Input"
"942",942,942,391856,391965,109,"t","t",635,99,"t","Input"
"943",943,943,391976,392093,117,"Space","Space",636,99," ","Input"
"944",944,944,392559,392647,88,"y","y",637,100,"y","Input"
"945",945,945,392660,392840,180,"o","o",638,100,"o","Input"
"946",946,946,392776,392880,104,"u","u",639,100,"u","Input"
"947",947,947,392936,393032,96,"Space","Space",640,100," ","Input"
"948",948,948,393501,393501,0,"Shift","Shift",640,100,"NoChange","Nonproduction"
"949",949,949,393535,393620,85,"\""","\""",641,100,"\""","Input"
"950",950,950,393774,393851,77,"n","n",642,101,"n","Input"
"951",951,951,393914,393963,49,"e","e",643,101,"e","Input"
"952",952,952,394061,394138,77,"e","e",644,101,"e","Input"
"953",953,953,394279,394338,59,"d","d",645,101,"d","Input"
"954",954,954,394362,394362,0,"Shift","Shift",645,101,"NoChange","Nonproduction"
"955",955,955,394394,394488,94,"\""","\""",646,101,"\""","Input"
"956",956,956,394929,395001,72,"Space","Space",647,101," ","Input"
"957",957,957,396852,396952,100,"n","n",648,102,"n","Input"
"958",958,958,396927,396992,65,"i","i",649,102,"i","Input"
"959",959,959,396972,397050,78,"c","c",650,102,"c","Input"
"960",960,960,397014,397129,115,"e","e",651,102,"e","Input"
"961",961,961,397203,397348,145,"Space","Space",652,102," ","Input"
"962",962,962,397334,397440,106,"t","t",653,103,"t","Input"
"963",963,963,397384,397465,81,"h","h",654,103,"h","Input"
"964",964,964,397439,397613,174,"i","i",655,103,"i","Input"
"965",965,965,397556,397634,78,"n","n",656,103,"n","Input"
"966",966,966,397668,397805,137,"g","g",657,103,"g","Input"
"967",967,967,397774,397887,113,"s","s",658,103,"s","Input"
"968",968,968,398054,398141,87,".",".",659,103,".","Input"
"969",969,969,398346,398418,72,"Space","Space",660,103," ","Input"
"970",970,970,403659,403659,0,"Shift","Shift",660,103,"NoChange","Nonproduction"
"971",971,971,403767,403879,112,"W","w",661,104,"W","Input"
"972",972,972,404127,404266,139,"h","h",662,104,"h","Input"
"973",973,973,404172,404308,136,"i","i",663,104,"i","Input"
"974",974,974,404237,404353,116,"l","l",664,104,"l","Input"
"975",975,975,404296,404382,86,"e","e",665,104,"e","Input"
"976",976,976,404485,404577,92,"Space","Space",666,104," ","Input"
"977",977,977,404653,404731,78,"/","/",667,104,"/","Input"
"978",978,978,404699,404779,80,"i","i",668,105,"i","Input"
"979",979,979,404777,404849,72,"Space","Space",669,105," ","Input"
"980",980,980,405177,405234,57,"Backspace","Backspace",668,105," ","Remove/Cut"
"981",981,981,405306,405377,71,"Backspace","Backspace",667,104,"i","Remove/Cut"
"982",982,982,405453,405513,60,"Backspace","Backspace",666,104,"/","Remove/Cut"
"983",983,983,407043,407085,42,"n","n",667,105,"n","Input"
"984",984,984,407057,407144,87,"o","o",668,105,"o","Input"
"985",985,985,407187,407274,87,"Space","Space",669,105," ","Input"
"986",986,986,407244,407361,117,"o","o",670,106,"o","Input"
"987",987,987,407314,407398,84,"n","n",671,106,"n","Input"
"988",988,988,407391,407478,87,"e","e",672,106,"e","Input"
"989",989,989,407542,407645,103,"Space","Space",673,106," ","Input"
"990",990,990,407587,407681,94,"i","i",674,107,"i","Input"
"991",991,991,407679,407765,86,"s","s",675,107,"s","Input"
"992",992,992,407777,407865,88,"Space","Space",676,107," ","Input"
"993",993,993,407873,407950,77,"t","t",677,108,"t","Input"
"994",994,994,407920,407984,64,"o","o",678,108,"o","Input"
"995",995,995,408032,408116,84,"Space","Space",679,108," ","Input"
"996",996,996,408286,408367,81,"b","b",680,109,"b","Input"
"997",997,997,408352,408433,81,"l","l",681,109,"l","Input"
"998",998,998,408564,408672,108,"a","a",682,109,"a","Input"
"999",999,999,408740,408833,93,"m","m",683,109,"m","Input"
"1000",1000,1000,408878,408958,80,"e","e",684,109,"e","Input"
"1001",1001,1001,409063,409180,117,"Space","Space",685,109," ","Input"
"1002",1002,1002,409178,409270,92,"f","f",686,110,"f","Input"
"1003",1003,1003,409251,409313,62,"o","o",687,110,"o","Input"
"1004",1004,1004,409362,409413,51,"r","r",688,110,"r","Input"
"1005",1005,1005,409479,409573,94,"Space","Space",689,110," ","Input"
"1006",1006,1006,409571,409686,115,"w","w",690,111,"w","Input"
"1007",1007,1007,409651,409750,99,"a","a",691,111,"a","Input"
"1008",1008,1008,409718,409795,77,"n","n",692,111,"n","Input"
"1009",1009,1009,409836,409918,82,"t","t",693,111,"t","Input"
"1010",1010,1010,409883,410004,121,"i","i",694,111,"i","Input"
"1011",1011,1011,409954,410035,81,"n","n",695,111,"n","Input"
"1012",1012,1012,410053,410114,61,"g","g",696,111,"g","Input"
"1013",1013,1013,410164,410279,115,"Space","Space",697,111," ","Input"
"1014",1014,1014,410250,410373,123,"n","n",698,112,"n","Input"
"1015",1015,1015,410318,410421,103,"i","i",699,112,"i","Input"
"1016",1016,1016,410427,410509,82,"c","c",700,112,"c","Input"
"1017",1017,1017,410462,410589,127,"e","e",701,112,"e","Input"
"1018",1018,1018,410609,410758,149,"Space","Space",702,112," ","Input"
"1019",1019,1019,410714,410791,77,"t","t",703,113,"t","Input"
"1020",1020,1020,410789,410858,69,"h","h",704,113,"h","Input"
"1021",1021,1021,410821,411003,182,"i","i",705,113,"i","Input"
"1022",1022,1022,410943,411037,94,"n","n",706,113,"n","Input"
"1023",1023,1023,411074,411186,112,"g","g",707,113,"g","Input"
"1024",1024,1024,411154,411264,110,"s","s",708,113,"s","Input"
"1025",1025,1025,411730,411842,112,",",",",709,113,",","Input"
"1026",1026,1026,412038,412134,96,"Space","Space",710,113," ","Input"
"1027",1027,1027,415109,415181,72,"i","i",711,114,"i","Input"
"1028",1028,1028,415207,415307,100,"t","t",712,114,"t","Input"
"1029",1029,1029,415335,415461,126,"Space","Space",713,114," ","Input"
"1030",1030,1030,422315,422382,67,"c","c",714,115,"c","Input"
"1031",1031,1031,422527,422720,193,"r","r",715,115,"r","Input"
"1032",1032,1032,422613,422738,125,"e","e",716,115,"e","Input"
"1033",1033,1033,422717,422841,124,"a","a",717,115,"a","Input"
"1034",1034,1034,422825,423017,192,"t","t",718,115,"t","Input"
"1035",1035,1035,422905,423041,136,"e","e",719,115,"e","Input"
"1036",1036,1036,422995,423114,119,"s","s",720,115,"s","Input"
"1037",1037,1037,423201,423304,103,"Space","Space",721,115," ","Input"
"1038",1038,1038,423368,423468,100,"t","t",722,116,"t","Input"
"1039",1039,1039,423420,423571,151,"h","h",723,116,"h","Input"
"1040",1040,1040,423487,423608,121,"i","i",724,116,"i","Input"
"1041",1041,1041,423788,423850,62,"Backspace","Backspace",723,116,"i","Remove/Cut"
"1042",1042,1042,423926,423990,64,"Backspace","Backspace",722,116,"h","Remove/Cut"
"1043",1043,1043,424060,424118,58,"Backspace","Backspace",721,115,"t","Remove/Cut"
"1044",1044,1044,424261,424377,116,"a","a",722,116,"a","Input"
"1045",1045,1045,424382,424490,108,"Space","Space",723,116," ","Input"
"1046",1046,1046,424489,424601,112,"f","f",724,117,"f","Input"
"1047",1047,1047,424582,424650,68,"o","o",725,117,"o","Input"
"1048",1048,1048,424699,424763,64,"r","r",726,117,"r","Input"
"1049",1049,1049,424779,424879,100,"m","m",727,117,"m","Input"
"1050",1050,1050,424971,425039,68,"Space","Space",728,117," ","Input"
"1051",1051,1051,425257,425328,71,"i","i",729,118,"i","Input"
"1052",1052,1052,425392,425485,93,"f","f",730,118,"f","Input"
"1053",1053,1053,425637,425684,47,"Backspace","Backspace",729,118,"f","Remove/Cut"
"1054",1054,1054,425758,425821,63,"Backspace","Backspace",728,117,"i","Remove/Cut"
"1055",1055,1055,425971,426047,76,"o","o",729,118,"o","Input"
"1056",1056,1056,426075,426174,99,"f","f",730,118,"f","Input"
"1057",1057,1057,426185,426285,100,"Space","Space",731,118," ","Input"
"1058",1058,1058,426399,426399,0,"Shift","Shift",731,118,"NoChange","Nonproduction"
"1059",1059,1059,426456,426548,92,"\""","\""",732,118,"\""","Input"
"1060",1060,1060,426683,426769,86,"f","f",733,119,"f","Input"
"1061",1061,1061,426765,426852,87,"l","l",734,119,"l","Input"
"1062",1062,1062,426860,426925,65,"e","e",735,119,"e","Input"
"1063",1063,1063,427098,427170,72,"x","x",736,119,"x","Input"
"1064",1064,1064,427343,427432,89,"Space","Space",737,119," ","Input"
"1065",1065,1065,427471,427569,98,"c","c",738,120,"c","Input"
"1066",1066,1066,427568,427664,96,"u","u",739,120,"u","Input"
"1067",1067,1067,427628,427723,95,"l","l",740,120,"l","Input"
"1068",1068,1068,427806,427861,55,"t","t",741,120,"t","Input"
"1069",1069,1069,427857,427939,82,"u","u",742,120,"u","Input"
"1070",1070,1070,428002,428124,122,"r","r",743,120,"r","Input"
"1071",1071,1071,428060,428172,112,"e","e",744,120,"e","Input"
"1072",1072,1072,428239,428239,0,"Shift","Shift",744,120,"NoChange","Nonproduction"
"1073",1073,1073,428286,428385,99,"\""","\""",745,120,"\""","Input"
"1074",1074,1074,428914,429030,116,"Space","Space",746,120," ","Input"
"1075",1075,1075,430405,430529,124,"i","i",747,121,"i","Input"
"1076",1076,1076,430477,430585,108,"n","n",748,121,"n","Input"
"1077",1077,1077,430616,430740,124,"Space","Space",749,121," ","Input"
"1078",1078,1078,430754,430846,92,"s","s",750,122,"s","Input"
"1079",1079,1079,430845,430937,92,"o","o",751,122,"o","Input"
"1080",1080,1080,430973,431062,89,"c","c",752,122,"c","Input"
"1081",1081,1081,431330,431406,76,"i","i",753,122,"i","Input"
"1082",1082,1082,431477,431562,85,"e","e",754,122,"e","Input"
"1083",1083,1083,431667,431748,81,"t","t",755,122,"t","Input"
"1084",1084,1084,431753,431848,95,"y","y",756,122,"y","Input"
"1085",1085,1085,431877,431935,58,"Space","Space",757,122," ","Input"
"1086",1086,1086,431953,432011,58,"w","w",758,123,"w","Input"
"1087",1087,1087,432070,432154,84,"h","h",759,123,"h","Input"
"1088",1088,1088,432189,432285,96,"e","e",760,123,"e","Input"
"1089",1089,1089,432280,432399,119,"r","r",761,123,"r","Input"
"1090",1090,1090,432376,432469,93,"e","e",762,123,"e","Input"
"1091",1091,1091,432690,432818,128,"Space","Space",763,123," ","Input"
"1092",1092,1092,432899,432943,44,"p","p",764,124,"p","Input"
"1093",1093,1093,433010,433079,69,"e","e",765,124,"e","Input"
"1094",1094,1094,433074,433177,103,"o","o",766,124,"o","Input"
"1095",1095,1095,433146,433264,118,"p","p",767,124,"p","Input"
"1096",1096,1096,433262,433364,102,"l","l",768,124,"l","Input"
"1097",1097,1097,433363,433439,76,"e","e",769,124,"e","Input"
"1098",1098,1098,433501,433607,106,"Space","Space",770,124," ","Input"
"1099",1099,1099,433605,433734,129,"a","a",771,125,"a","Input"
"1100",1100,1100,433713,433819,106,"r","r",772,125,"r","Input"
"1101",1101,1101,433790,433882,92,"e","e",773,125,"e","Input"
"1102",1102,1102,433890,434005,115,"Space","Space",774,125," ","Input"
"1103",1103,1103,434053,434124,71,"c","c",775,126,"c","Input"
"1104",1104,1104,434056,434192,136,"o","o",776,126,"o","Input"
"1105",1105,1105,434141,434236,95,"n","n",777,126,"n","Input"
"1106",1106,1106,434267,434373,106,"s","s",778,126,"s","Input"
"1107",1107,1107,434393,434517,124,"t","t",779,126,"t","Input"
"1108",1108,1108,434571,434676,105,"a","a",780,126,"a","Input"
"1109",1109,1109,434662,434754,92,"n","n",781,126,"n","Input"
"1110",1110,1110,434759,434846,87,"t","t",782,126,"t","Input"
"1111",1111,1111,434842,434901,59,"l","l",783,126,"l","Input"
"1112",1112,1112,434997,435061,64,"y","y",784,126,"y","Input"
"1113",1113,1113,435112,435190,78,"Space","Space",785,126," ","Input"
"1114",1114,1114,435188,435313,125,"t","t",786,127,"t","Input"
"1115",1115,1115,435265,435383,118,"r","r",787,127,"r","Input"
"1116",1116,1116,435310,435368,58,"y","y",788,127,"y","Input"
"1117",1117,1117,435464,435609,145,"i","i",789,127,"i","Input"
"1118",1118,1118,435532,435633,101,"n","n",790,127,"n","Input"
"1119",1119,1119,435608,435693,85,"g","g",791,127,"g","Input"
"1120",1120,1120,435738,435854,116,"Space","Space",792,127," ","Input"
"1121",1121,1121,436527,436590,63,"Backspace","Backspace",791,127," ","Remove/Cut"
"1122",1122,1122,436670,436747,77,"Backspace","Backspace",790,127,"g","Remove/Cut"
"1123",1123,1123,436808,436881,73,"Backspace","Backspace",789,127,"n","Remove/Cut"
"1124",1124,1124,436942,437007,65,"Backspace","Backspace",788,127,"i","Remove/Cut"
"1125",1125,1125,437079,437143,64,"Backspace","Backspace",787,127,"y","Remove/Cut"
"1126",1126,1126,437219,437286,67,"Backspace","Backspace",786,127,"r","Remove/Cut"
"1127",1127,1127,437363,437431,68,"Backspace","Backspace",785,126,"t","Remove/Cut"
"1128",1128,1128,437969,438098,129,"c","c",786,127,"c","Input"
"1129",1129,1129,438047,438160,113,"o","o",787,127,"o","Input"
"1130",1130,1130,438101,438188,87,"m","m",788,127,"m","Input"
"1131",1131,1131,438222,438297,75,"p","p",789,127,"p","Input"
"1132",1132,1132,438345,438466,121,"a","a",790,127,"a","Input"
"1133",1133,1133,438446,438537,91,"r","r",791,127,"r","Input"
"1134",1134,1134,438469,438587,118,"i","i",792,127,"i","Input"
"1135",1135,1135,438517,438596,79,"n","n",793,127,"n","Input"
"1136",1136,1136,438648,438732,84,"g","g",794,127,"g","Input"
"1137",1137,1137,438764,438882,118,"Space","Space",795,127," ","Input"
"1138",1138,1138,438880,438945,65,"t","t",796,128,"t","Input"
"1139",1139,1139,438891,438971,80,"h","h",797,128,"h","Input"
"1140",1140,1140,438938,439140,202,"i","i",798,128,"i","Input"
"1141",1141,1141,439080,439141,61,"n","n",799,128,"n","Input"
"1142",1142,1142,439319,439363,44,"Backspace","Backspace",798,128,"n","Remove/Cut"
"1143",1143,1143,439439,439506,67,"Backspace","Backspace",797,128,"i","Remove/Cut"
"1144",1144,1144,439662,439733,71,"e","e",798,128,"e","Input"
"1145",1145,1145,439719,439794,75,"m","m",799,128,"m","Input"
"1146",1146,1146,440082,440239,157,"s","s",800,128,"s","Input"
"1147",1147,1147,440355,440391,36,"e","e",801,128,"e","Input"
"1148",1148,1148,440679,440767,88,"l","l",802,128,"l","Input"
"1149",1149,1149,440862,440985,123,"v","v",803,128,"v","Input"
"1150",1150,1150,440950,441095,145,"e","e",804,128,"e","Input"
"1151",1151,1151,441042,441166,124,"s","s",805,128,"s","Input"
"1152",1152,1152,441249,441361,112,"Space","Space",806,128," ","Input"
"1153",1153,1153,441451,441559,108,"t","t",807,129,"t","Input"
"1154",1154,1154,441511,441612,101,"o","o",808,129,"o","Input"
"1155",1155,1155,441620,441710,90,"Space","Space",809,129," ","Input"
"1156",1156,1156,441684,441784,100,"e","e",810,130,"e","Input"
"1157",1157,1157,441779,441942,163,"a","a",811,130,"a","Input"
"1158",1158,1158,441895,441975,80,"c","c",812,130,"c","Input"
"1159",1159,1159,441956,442024,68,"h","h",813,130,"h","Input"
"1160",1160,1160,442069,442169,100,"Space","Space",814,130," ","Input"
"1161",1161,1161,442122,442213,91,"o","o",815,131,"o","Input"
"1162",1162,1162,442186,442266,80,"t","t",816,131,"t","Input"
"1163",1163,1163,442278,442351,73,"h","h",817,131,"h","Input"
"1164",1164,1164,442329,442461,132,"e","e",818,131,"e","Input"
"1165",1165,1165,442422,442488,66,"r","r",819,131,"r","Input"
"1166",1166,1166,442587,442707,120,"Space","Space",820,131," ","Input"
"1167",1167,1167,443219,443330,111,"a","a",821,132,"a","Input"
"1168",1168,1168,443335,443411,76,"n","n",822,132,"n","Input"
"1169",1169,1169,443422,443515,93,"d","d",823,132,"d","Input"
"1170",1170,1170,443673,443788,115,"Space","Space",824,132," ","Input"
"1171",1171,1171,443897,444033,136,"t","t",825,133,"t","Input"
"1172",1172,1172,443973,444072,99,"r","r",826,133,"r","Input"
"1173",1173,1173,444039,444089,50,"y","y",827,133,"y","Input"
"1174",1174,1174,444160,444307,147,"i","i",828,133,"i","Input"
"1175",1175,1175,444231,444316,85,"n","n",829,133,"n","Input"
"1176",1176,1176,444312,444407,95,"g","g",830,133,"g","Input"
"1177",1177,1177,444434,444548,114,"Space","Space",831,133," ","Input"
"1178",1178,1178,444580,444689,109,"o","o",832,134,"o","Input"
"1179",1179,1179,444674,444749,75,"u","u",833,134,"u","Input"
"1180",1180,1180,444804,444868,64,"t","t",834,134,"t","Input"
"1181",1181,1181,445049,445079,30,"Backspace","Backspace",833,134,"t","Remove/Cut"
"1182",1182,1182,445246,445277,31,"Backspace","Backspace",832,134,"u","Remove/Cut"
"1183",1183,1183,445358,445418,60,"Backspace","Backspace",831,133,"o","Remove/Cut"
"1184",1184,1184,445654,445745,91,"t","t",832,134,"t","Input"
"1185",1185,1185,445781,445870,89,"o","o",833,134,"o","Input"
"1186",1186,1186,446320,446430,110,"Space","Space",834,134," ","Input"
"1187",1187,1187,448928,449058,130,"o","o",835,135,"o","Input"
"1188",1188,1188,449011,449064,53,"n","n",836,135,"n","Input"
"1189",1189,1189,449114,449196,82,"e","e",837,135,"e","Input"
"1190",1190,1190,449255,449326,71,"Space","Space",838,135," ","Input"
"1191",1191,1191,449650,449697,47,"Backspace","Backspace",837,135," ","Remove/Cut"
"1192",1192,1192,450447,450495,48,"Backspace","Backspace",836,135,"e","Remove/Cut"
"1193",1193,1193,450583,450647,64,"Backspace","Backspace",835,135,"n","Remove/Cut"
"1194",1194,1194,450731,450792,61,"Backspace","Backspace",834,134,"o","Remove/Cut"
"1195",1195,1195,454193,454280,87,"o","o",835,135,"o","Input"
"1196",1196,1196,454285,454344,59,"u","u",836,135,"u","Input"
"1197",1197,1197,454324,454412,88,"t","t",837,135,"t","Input"
"1198",1198,1198,454596,454703,107,"d","d",838,135,"d","Input"
"1199",1199,1199,454664,454744,80,"o","o",839,135,"o","Input"
"1200",1200,1200,454799,454918,119,"Space","Space",840,135," ","Input"
"1201",1201,1201,454866,455022,156,"o","o",841,136,"o","Input"
"1202",1202,1202,454978,455083,105,"n","n",842,136,"n","Input"
"1203",1203,1203,455132,455213,81,"e","e",843,136,"e","Input"
"1204",1204,1204,455267,455389,122,"Space","Space",844,136," ","Input"
"1205",1205,1205,455387,455482,95,"a","a",845,137,"a","Input"
"1206",1206,1206,455434,455522,88,"n","n",846,137,"n","Input"
"1207",1207,1207,455496,455596,100,"o","o",847,137,"o","Input"
"1208",1208,1208,455591,455673,82,"t","t",848,137,"t","Input"
"1209",1209,1209,455672,455736,64,"h","h",849,137,"h","Input"
"1210",1210,1210,455730,455871,141,"e","e",850,137,"e","Input"
"1211",1211,1211,455819,455906,87,"r","r",851,137,"r","Input"
"1212",1212,1212,457355,457493,138,"Space","Space",852,137," ","Input"
"1213",1213,1213,458062,458194,132,"i","i",853,138,"i","Input"
"1214",1214,1214,458190,458265,75,"n","n",854,138,"n","Input"
"1215",1215,1215,458479,458548,69,"Space","Space",855,138," ","Input"
"1216",1216,1216,458582,458676,94,"t","t",856,139,"t","Input"
"1217",1217,1217,458630,458705,75,"h","h",857,139,"h","Input"
"1218",1218,1218,458750,458835,85,"e","e",858,139,"e","Input"
"1219",1219,1219,458830,458906,76,"i","i",859,139,"i","Input"
"1220",1220,1220,458978,459054,76,"r","r",860,139,"r","Input"
"1221",1221,1221,459106,459217,111,"Space","Space",861,139," ","Input"
"1222",1222,1222,459272,459419,147,"p","p",862,140,"p","Input"
"1223",1223,1223,459366,459409,43,"h","h",863,140,"h","Input"
"1224",1224,1224,459528,459601,73,"y","y",864,140,"y","Input"
"1225",1225,1225,459638,459755,117,"s","s",865,140,"s","Input"
"1226",1226,1226,459754,459839,85,"i","i",866,140,"i","Input"
"1227",1227,1227,459834,459945,111,"c","c",867,140,"c","Input"
"1228",1228,1228,459915,460035,120,"a","a",868,140,"a","Input"
"1229",1229,1229,460010,460107,97,"l","l",869,140,"l","Input"
"1230",1230,1230,462266,462365,99,"Space","Space",870,140," ","Input"
"1231",1231,1231,462426,462549,123,"a","a",871,141,"a","Input"
"1232",1232,1232,462482,462530,48,"p","p",872,141,"p","Input"
"1233",1233,1233,462606,462684,78,"p","p",873,141,"p","Input"
"1234",1234,1234,462682,462770,88,"e","e",874,141,"e","Input"
"1235",1235,1235,462788,462904,116,"a","a",875,141,"a","Input"
"1236",1236,1236,462872,463000,128,"r","r",876,141,"r","Input"
"1237",1237,1237,463034,463164,130,"a","a",877,141,"a","Input"
"1238",1238,1238,463215,463311,96,"n","n",878,141,"n","Input"
"1239",1239,1239,463415,463564,149,"c","c",879,141,"c","Input"
"1240",1240,1240,463651,463703,52,"e","e",880,141,"e","Input"
"1241",1241,1241,463868,463972,104,"Space","Space",881,141," ","Input"
"1242",1242,1242,463915,463999,84,"o","o",882,142,"o","Input"
"1243",1243,1243,464003,464097,94,"f","f",883,142,"f","Input"
"1244",1244,1244,464121,464203,82,"Space","Space",884,142," ","Input"
"1245",1245,1245,464183,464341,158,"i","i",885,143,"i","Input"
"1246",1246,1246,464263,464368,105,"m","m",886,143,"m","Input"
"1247",1247,1247,464689,464790,101,"a","a",887,143,"a","Input"
"1248",1248,1248,464767,464891,124,"g","g",888,143,"g","Input"
"1249",1249,1249,464834,464940,106,"e","e",889,143,"e","Input"
"1250",1250,1250,465031,465096,65,".",".",890,143,".","Input"
"1251",1251,1251,465282,465333,51,"Space","Space",891,143," ","Input"
"1252",1252,1252,470187,470242,55,"ArrowLeft","ArrowLeft",890,143,"NoChange","Nonproduction"
"1253",1253,1253,470338,470406,68,"ArrowLeft","ArrowLeft",889,143,"NoChange","Nonproduction"
"1254",1254,1254,470460,470528,68,"ArrowLeft","ArrowLeft",888,143,"NoChange","Nonproduction"
"1255",1255,1255,470611,470675,64,"ArrowLeft","ArrowLeft",887,143,"NoChange","Nonproduction"
"1256",1256,1256,470761,470818,57,"ArrowLeft","ArrowLeft",886,143,"NoChange","Nonproduction"
"1257",1257,1257,470901,470957,56,"ArrowLeft","ArrowLeft",885,143,"NoChange","Nonproduction"
"1258",1258,1258,471043,471094,51,"ArrowLeft","ArrowLeft",884,143,"NoChange","Nonproduction"
"1259",1259,1259,471183,471209,26,"ArrowLeft","ArrowLeft",883,143,"NoChange","Nonproduction"
"1260",1260,1260,471713,471766,53,"Backspace","Backspace",882,143,"f","Remove/Cut"
"1261",1261,1261,471793,471893,100,"r","r",883,143,"r","Input"
"1262",1262,1262,473487,473600,113,"Leftclick","Leftclick",891,143,"NoChange","Nonproduction"
"1263",1263,1263,480357,480357,0,"Shift","Shift",891,143,"NoChange","Nonproduction"
"1264",1264,1264,480461,480574,113,"T","t",892,144,"T","Input"
"1265",1265,1265,480676,480793,117,"h","h",893,144,"h","Input"
"1266",1266,1266,480715,480823,108,"i","i",894,144,"i","Input"
"1267",1267,1267,480825,480912,87,"s","s",895,144,"s","Input"
"1268",1268,1268,480976,481101,125,"Space","Space",896,144," ","Input"
"1269",1269,1269,481190,481298,108,"u","u",897,145,"u","Input"
"1270",1270,1270,481268,481347,79,"l","l",898,145,"l","Input"
"1271",1271,1271,481386,481414,28,"t","t",899,145,"t","Input"
"1272",1272,1272,481618,481682,64,"Backspace","Backspace",898,145,"t","Remove/Cut"
"1273",1273,1273,481761,481824,63,"Backspace","Backspace",897,145,"l","Remove/Cut"
"1274",1274,1274,481890,481963,73,"Backspace","Backspace",896,144,"u","Remove/Cut"
"1275",1275,1275,482234,482318,84,"c","c",897,145,"c","Input"
"1276",1276,1276,482354,482443,89,"u","u",898,145,"u","Input"
"1277",1277,1277,482412,482519,107,"l","l",899,145,"l","Input"
"1278",1278,1278,482993,483071,78,"t","t",900,145,"t","Input"
"1279",1279,1279,483069,483122,53,"u","u",901,145,"u","Input"
"1280",1280,1280,483188,483275,87,"r","r",902,145,"r","Input"
"1281",1281,1281,483230,483335,105,"e","e",903,145,"e","Input"
"1282",1282,1282,483309,483428,119,"Space","Space",904,145," ","Input"
"1283",1283,1283,483374,483448,74,"o","o",905,146,"o","Input"
"1284",1284,1284,483462,483562,100,"f","f",906,146,"f","Input"
"1285",1285,1285,483610,483710,100,"Space","Space",907,146," ","Input"
"1286",1286,1286,483862,483930,68,"c","c",908,147,"c","Input"
"1287",1287,1287,483965,484053,88,"o","o",909,147,"o","Input"
"1288",1288,1288,483990,484091,101,"n","n",910,147,"n","Input"
"1289",1289,1289,484090,484181,91,"s","s",911,147,"s","Input"
"1290",1290,1290,484224,484316,92,"t","t",912,147,"t","Input"
"1291",1291,1291,484315,484417,102,"a","a",913,147,"a","Input"
"1292",1292,1292,484390,484464,74,"n","n",914,147,"n","Input"
"1293",1293,1293,484510,484570,60,"t","t",915,147,"t","Input"
"1294",1294,1294,484579,484655,76,"l","l",916,147,"l","Input"
"1295",1295,1295,484745,484814,69,"y","y",917,147,"y","Input"
"1296",1296,1296,484898,484973,75,"Space","Space",918,147," ","Input"
"1297",1297,1297,485028,485107,79,"c","c",919,148,"c","Input"
"1298",1298,1298,485083,485203,120,"o","o",920,148,"o","Input"
"1299",1299,1299,485180,485265,85,"m","m",921,148,"m","Input"
"1300",1300,1300,485290,485362,72,"p","p",922,148,"p","Input"
"1301",1301,1301,485402,485516,114,"a","a",923,148,"a","Input"
"1302",1302,1302,485552,485637,85,"r","r",924,148,"r","Input"
"1303",1303,1303,485646,485752,106,"i","i",925,148,"i","Input"
"1304",1304,1304,485726,485802,76,"n","n",926,148,"n","Input"
"1305",1305,1305,485856,485904,48,"g","g",927,148,"g","Input"
"1306",1306,1306,486173,486301,128,"Space","Space",928,148," ","Input"
"1307",1307,1307,486279,486356,77,"i","i",929,149,"i","Input"
"1308",1308,1308,486405,486483,78,"s","s",930,149,"s","Input"
"1309",1309,1309,486519,486620,101,"Space","Space",931,149," ","Input"
"1310",1310,1310,486617,486668,51,"w","w",932,150,"w","Input"
"1311",1311,1311,486716,486767,51,"h","h",933,150,"h","Input"
"1312",1312,1312,486773,486875,102,"a","a",934,150,"a","Input"
"1313",1313,1313,486844,486921,77,"t","t",935,150,"t","Input"
"1314",1314,1314,487023,487116,93,"Space","Space",936,150," ","Input"
"1315",1315,1315,489216,489329,113,"p","p",937,151,"p","Input"
"1316",1316,1316,489428,489496,68,"o","o",938,151,"o","Input"
"1317",1317,1317,489626,489694,68,"i","i",939,151,"i","Input"
"1318",1318,1318,489804,489868,64,"s","s",940,151,"s","Input"
"1319",1319,1319,489928,490063,135,"o","o",941,151,"o","Input"
"1320",1320,1320,490015,490099,84,"n","n",942,151,"n","Input"
"1321",1321,1321,490143,490230,87,"s","s",943,151,"s","Input"
"1322",1322,1322,490311,490382,71,"Space","Space",944,151," ","Input"
"1323",1323,1323,490442,490527,85,"m","m",945,152,"m","Input"
"1324",1324,1324,490525,490594,69,"a","a",946,152,"a","Input"
"1325",1325,1325,490833,490918,85,"n","n",947,152,"n","Input"
"1326",1326,1326,491079,491137,58,"y","y",948,152,"y","Input"
"1327",1327,1327,491477,491584,107,"Space","Space",949,152," ","Input"
"1328",1328,1328,492631,492687,56,"p","p",950,153,"p","Input"
"1329",1329,1329,492734,492832,98,"e","e",951,153,"e","Input"
"1330",1330,1330,492798,492877,79,"o","o",952,153,"o","Input"
"1331",1331,1331,492846,492971,125,"p","p",953,153,"p","Input"
"1332",1332,1332,492968,493063,95,"l","l",954,153,"l","Input"
"1333",1333,1333,493093,493154,61,"e","e",955,153,"e","Input"
"1334",1334,1334,493252,493320,68,"'","'",956,153,"'","Input"
"1335",1335,1335,493364,493454,90,"s","s",957,153,"s","Input"
"1336",1336,1336,493661,493761,100,"Space","Space",958,153," ","Input"
"1337",1337,1337,493820,493902,82,"m","m",959,154,"m","Input"
"1338",1338,1338,493922,494030,108,"i","i",960,154,"i","Input"
"1339",1339,1339,494001,494096,95,"n","n",961,154,"n","Input"
"1340",1340,1340,494124,494243,119,"d","d",962,154,"d","Input"
"1341",1341,1341,494192,494296,104,"s","s",963,154,"s","Input"
"1342",1342,1342,494445,494538,93,"Space","Space",964,154," ","Input"
"1343",1343,1343,494579,494670,91,"a","a",965,155,"a","Input"
"1344",1344,1344,494675,494739,64,"n","n",966,155,"n","Input"
"1345",1345,1345,494756,494826,70,"d","d",967,155,"d","Input"
"1346",1346,1346,494939,495068,129,"Space","Space",968,155," ","Input"
"1347",1347,1347,495040,495117,77,"p","p",969,156,"p","Input"
"1348",1348,1348,495516,495603,87,"Backspace","Backspace",968,155,"p","Remove/Cut"
"1349",1349,1349,495960,496045,85,"p","p",969,156,"p","Input"
"1350",1350,1350,496094,496192,98,"r","r",970,156,"r","Input"
"1351",1351,1351,496156,496232,76,"e","e",971,156,"e","Input"
"1352",1352,1352,496352,496415,63,"v","v",972,156,"v","Input"
"1353",1353,1353,496379,496484,105,"e","e",973,156,"e","Input"
"1354",1354,1354,496492,496565,73,"n","n",974,156,"n","Input"
"1355",1355,1355,496624,496666,42,"t","t",975,156,"t","Input"
"1356",1356,1356,496838,496918,80,"s","s",976,156,"s","Input"
"1357",1357,1357,497126,497228,102,"Space","Space",977,156," ","Input"
"1358",1358,1358,498703,498765,62,"s","s",978,157,"s","Input"
"1359",1359,1359,498801,498874,73,"o","o",979,157,"o","Input"
"1360",1360,1360,498964,499021,57,"c","c",980,157,"c","Input"
"1361",1361,1361,499130,499223,93,"i","i",981,157,"i","Input"
"1362",1362,1362,499222,499299,77,"e","e",982,157,"e","Input"
"1363",1363,1363,499400,499455,55,"t","t",983,157,"t","Input"
"1364",1364,1364,499506,499575,69,"y","y",984,157,"y","Input"
"1365",1365,1365,499643,499723,80,"Space","Space",985,157," ","Input"
"1366",1366,1366,499818,499890,72,"a","a",986,158,"a","Input"
"1367",1367,1367,499903,499975,72,"n","n",987,158,"n","Input"
"1368",1368,1368,499995,500071,76,"d","d",988,158,"d","Input"
"1369",1369,1369,500101,500207,106,"Space","Space",989,158," ","Input"
"1370",1370,1370,500199,500314,115,"i","i",990,159,"i","Input"
"1371",1371,1371,500238,500343,105,"n","n",991,159,"n","Input"
"1372",1372,1372,500514,500575,61,"d","d",992,159,"d","Input"
"1373",1373,1373,500643,500699,56,"i","i",993,159,"i","Input"
"1374",1374,1374,500765,500842,77,"v","v",994,159,"v","Input"
"1375",1375,1375,500875,500951,76,"i","i",995,159,"i","Input"
"1376",1376,1376,500949,501025,76,"d","d",996,159,"d","Input"
"1377",1377,1377,501085,501126,41,"u","u",997,159,"u","Input"
"1378",1378,1378,501140,501235,95,"a","a",998,159,"a","Input"
"1379",1379,1379,501300,501403,103,"l","l",999,159,"l","Input"
"1380",1380,1380,501498,501583,85,"s","s",1000,159,"s","Input"
"1381",1381,1381,501750,501859,109,"Space","Space",1001,159," ","Input"
"1382",1382,1382,501919,501976,57,"f","f",1002,160,"f","Input"
"1383",1383,1383,502108,502168,60,"r","r",1003,160,"r","Input"
"1384",1384,1384,502174,502303,129,"o","o",1004,160,"o","Input"
"1385",1385,1385,502263,502337,74,"m","m",1005,160,"m","Input"
"1386",1386,1386,502418,502526,108,"Space","Space",1006,160," ","Input"
"1387",1387,1387,502535,502658,123,"t","t",1007,161,"t","Input"
"1388",1388,1388,502593,502718,125,"r","r",1008,161,"r","Input"
"1389",1389,1389,502675,502768,93,"u","u",1009,161,"u","Input"
"1390",1390,1390,502743,502814,71,"l","l",1010,161,"l","Input"
"1391",1391,1391,502904,502988,84,"y","y",1011,161,"y","Input"
"1392",1392,1392,503067,503150,83,"Space","Space",1012,161," ","Input"
"1393",1393,1393,503500,503560,60,"b","b",1013,162,"b","Input"
"1394",1394,1394,503633,503709,76,"e","e",1014,162,"e","Input"
"1395",1395,1395,503716,503818,102,"i","i",1015,162,"i","Input"
"1396",1396,1396,503793,503836,43,"n","n",1016,162,"n","Input"
"1397",1397,1397,503909,503964,55,"g","g",1017,162,"g","Input"
"1398",1398,1398,504016,504100,84,"Space","Space",1018,162," ","Input"
"1399",1399,1399,504131,504209,78,"h","h",1019,163,"h","Input"
"1400",1400,1400,504269,504362,93,"a","a",1020,163,"a","Input"
"1401",1401,1401,504361,504426,65,"p","p",1021,163,"p","Input"
"1402",1402,1402,504526,504573,47,"p","p",1022,163,"p","Input"
"1403",1403,1403,504799,504834,35,"y","y",1023,163,"y","Input"
"1404",1404,1404,505204,505275,71,",",",",1024,163,",","Input"
"1405",1405,1405,505414,505489,75,"Space","Space",1025,163," ","Input"
"1406",1406,1406,505526,505631,105,"a","a",1026,164,"a","Input"
"1407",1407,1407,505561,505675,114,"s","s",1027,164,"s","Input"
"1408",1408,1408,505680,505767,87,"Space","Space",1028,164," ","Input"
"1409",1409,1409,505794,505867,73,"t","t",1029,165,"t","Input"
"1410",1410,1410,505866,505929,63,"h","h",1030,165,"h","Input"
"1411",1411,1411,505996,506038,42,"e","e",1031,165,"e","Input"
"1412",1412,1412,506104,506176,72,"i","i",1032,165,"i","Input"
"1413",1413,1413,506249,506308,59,"r","r",1033,165,"r","Input"
"1414",1414,1414,506395,506491,96,"Space","Space",1034,165," ","Input"
"1415",1415,1415,507424,507519,95,"s","s",1035,166,"s","Input"
"1416",1416,1416,507490,507587,97,"o","o",1036,166,"o","Input"
"1417",1417,1417,507572,507645,73,"u","u",1037,166,"u","Input"
"1418",1418,1418,507680,507707,27,"r","r",1038,166,"r","Input"
"1419",1419,1419,507912,507987,75,"c","c",1039,166,"c","Input"
"1420",1420,1420,508005,508056,51,"e","e",1040,166,"e","Input"
"1421",1421,1421,508163,508270,107,"Space","Space",1041,166," ","Input"
"1422",1422,1422,508232,508305,73,"o","o",1042,167,"o","Input"
"1423",1423,1423,508324,508387,63,"f","f",1043,167,"f","Input"
"1424",1424,1424,508468,508556,88,"Space","Space",1044,167," ","Input"
"1425",1425,1425,508756,508803,47,"h","h",1045,168,"h","Input"
"1426",1426,1426,508854,508966,112,"a","a",1046,168,"a","Input"
"1427",1427,1427,508959,509003,44,"p","p",1047,168,"p","Input"
"1428",1428,1428,509077,509152,75,"p","p",1048,168,"p","Input"
"1429",1429,1429,509180,509330,150,"i","i",1049,168,"i","Input"
"1430",1430,1430,509291,509384,93,"n","n",1050,168,"n","Input"
"1431",1431,1431,509437,509559,122,"e","e",1051,168,"e","Input"
"1432",1432,1432,509538,509583,45,"s","s",1052,168,"s","Input"
"1433",1433,1433,509662,509750,88,"s","s",1053,168,"s","Input"
"1434",1434,1434,509923,510035,112,"Space","Space",1054,168," ","Input"
"1435",1435,1435,510122,510202,80,"c","c",1055,169,"c","Input"
"1436",1436,1436,510189,510304,115,"o","o",1056,169,"o","Input"
"1437",1437,1437,510246,510355,109,"m","m",1057,169,"m","Input"
"1438",1438,1438,510474,510593,119,"e","e",1058,169,"e","Input"
"1439",1439,1439,510555,510678,123,"s","s",1059,169,"s","Input"
"1440",1440,1440,510749,510845,96,"Space","Space",1060,169," ","Input"
"1441",1441,1441,510851,510914,63,"f","f",1061,170,"f","Input"
"1442",1442,1442,511490,511555,65,"r","r",1062,170,"r","Input"
"1443",1443,1443,511608,511753,145,"o","o",1063,170,"o","Input"
"1444",1444,1444,511689,511776,87,"m","m",1064,170,"m","Input"
"1445",1445,1445,511860,511976,116,"Space","Space",1065,170," ","Input"
"1446",1446,1446,512398,512512,114,"a","a",1066,171,"a","Input"
"1447",1447,1447,512529,512640,111,"Space","Space",1067,171," ","Input"
"1448",1448,1448,512663,512771,108,"r","r",1068,172,"r","Input"
"1449",1449,1449,512719,512840,121,"e","e",1069,172,"e","Input"
"1450",1450,1450,512836,512920,84,"l","l",1070,172,"l","Input"
"1451",1451,1451,513148,513240,92,"a","a",1071,172,"a","Input"
"1452",1452,1452,513482,513533,51,"t","t",1072,172,"t","Input"
"1453",1453,1453,513621,513689,68,"i","i",1073,172,"i","Input"
"1454",1454,1454,513765,513844,79,"v","v",1074,172,"v","Input"
"1455",1455,1455,514157,514246,89,"i","i",1075,172,"i","Input"
"1456",1456,1456,514340,514420,80,"s","s",1076,172,"s","Input"
"1457",1457,1457,514553,514600,47,"t","t",1077,172,"t","Input"
"1458",1458,1458,514649,514711,62,"i","i",1078,172,"i","Input"
"1459",1459,1459,514775,514857,82,"c","c",1079,172,"c","Input"
"1460",1460,1460,514922,515030,108,"Space","Space",1080,172," ","Input"
"1461",1461,1461,515055,515122,67,"v","v",1081,173,"v","Input"
"1462",1462,1462,515177,515252,75,"i","i",1082,173,"i","Input"
"1463",1463,1463,515256,515360,104,"e","e",1083,173,"e","Input"
"1464",1464,1464,515323,515411,88,"w","w",1084,173,"w","Input"
"1465",1465,1465,523964,524068,104,"Space","Space",1085,173," ","Input"
"1466",1466,1466,524073,524160,87,"o","o",1086,174,"o","Input"
"1467",1467,1467,524169,524266,97,"f","f",1087,174,"f","Input"
"1468",1468,1468,524264,524360,96,"Space","Space",1088,174," ","Input"
"1469",1469,1469,524376,524462,86,"t","t",1089,175,"t","Input"
"1470",1470,1470,524417,524468,51,"h","h",1090,175,"h","Input"
"1471",1471,1471,524506,524577,71,"e","e",1091,175,"e","Input"
"1472",1472,1472,524582,524667,85,"i","i",1092,175,"i","Input"
"1473",1473,1473,524700,524769,69,"r","r",1093,175,"r","Input"
"1474",1474,1474,524805,524916,111,"Space","Space",1094,175," ","Input"
"1475",1475,1475,524925,525008,83,"s","s",1095,176,"s","Input"
"1476",1476,1476,524997,525052,55,"u","u",1096,176,"u","Input"
"1477",1477,1477,525144,525195,51,"r","r",1097,176,"r","Input"
"1478",1478,1478,525288,525367,79,"r","r",1098,176,"r","Input"
"1479",1479,1479,525375,525502,127,"o","o",1099,176,"o","Input"
"1480",1480,1480,525432,525482,50,"u","u",1100,176,"u","Input"
"1481",1481,1481,525701,525790,89,"d","d",1101,176,"d","Input"
"1482",1482,1482,525781,525900,119,"i","i",1102,176,"i","Input"
"1483",1483,1483,525824,525924,100,"n","n",1103,176,"n","Input"
"1484",1484,1484,525923,526027,104,"g","g",1104,176,"g","Input"
"1485",1485,1485,525986,526093,107,"s","s",1105,176,"s","Input"
"1486",1486,1486,526139,526227,88,".",".",1106,176,".","Input"
"1487",1487,1487,526425,526492,67,"Space","Space",1107,176," ","Input"
"1488",1488,1488,533156,533156,0,"Shift","Shift",1107,176,"NoChange","Nonproduction"
"1489",1489,1489,533266,533377,111,"T","t",1108,177,"T","Input"
"1490",1490,1490,533449,533585,136,"h","h",1109,177,"h","Input"
"1491",1491,1491,533518,533629,111,"u","u",1110,177,"u","Input"
"1492",1492,1492,533596,533705,109,"s","s",1111,177,"s","Input"
"1493",1493,1493,534123,534168,45,",",",",1112,177,",","Input"
"1494",1494,1494,534617,534695,78,"Backspace","Backspace",1111,177,",","Remove/Cut"
"1495",1495,1495,534796,534888,92,"Space","Space",1112,177," ","Input"
"1496",1496,1496,534981,535101,120,"w","w",1113,178,"w","Input"
"1497",1497,1497,535063,535145,82,"e","e",1114,178,"e","Input"
"1498",1498,1498,535160,535271,111,"Space","Space",1115,178," ","Input"
"1499",1499,1499,535339,535422,83,"s","s",1116,179,"s","Input"
"1500",1500,1500,535404,535488,84,"e","e",1117,179,"e","Input"
"1501",1501,1501,535793,535843,50,"Backspace","Backspace",1116,179,"e","Remove/Cut"
"1502",1502,1502,535928,536008,80,"Backspace","Backspace",1115,178,"s","Remove/Cut"
"1503",1503,1503,536094,536198,104,"c","c",1116,179,"c","Input"
"1504",1504,1504,536146,536259,113,"a","a",1117,179,"a","Input"
"1505",1505,1505,536227,536310,83,"n","n",1118,179,"n","Input"
"1506",1506,1506,536376,536476,100,"Space","Space",1119,179," ","Input"
"1507",1507,1507,536415,536538,123,"s","s",1120,180,"s","Input"
"1508",1508,1508,536515,536584,69,"e","e",1121,180,"e","Input"
"1509",1509,1509,536663,536739,76,"e","e",1122,180,"e","Input"
"1510",1510,1510,536815,536918,103,"Space","Space",1123,180," ","Input"
"1511",1511,1511,536905,536962,57,"e","e",1124,181,"e","Input"
"1512",1512,1512,537032,537116,84,"v","v",1125,181,"v","Input"
"1513",1513,1513,537171,537268,97,"e","e",1126,181,"e","Input"
"1514",1514,1514,537267,537321,54,"r","r",1127,181,"r","Input"
"1515",1515,1515,537343,537417,74,"y","y",1128,181,"y","Input"
"1516",1516,1516,537467,537551,84,"w","w",1129,181,"w","Input"
"1517",1517,1517,537528,537616,88,"h","h",1130,181,"h","Input"
"1518",1518,1518,537624,537708,84,"e","e",1131,181,"e","Input"
"1519",1519,1519,537705,537814,109,"r","r",1132,181,"r","Input"
"1520",1520,1520,537785,537841,56,"e","e",1133,181,"e","Input"
"1521",1521,1521,537909,538021,112,"Space","Space",1134,181," ","Input"
"1522",1522,1522,537964,538101,137,"a","a",1135,182,"a","Input"
"1523",1523,1523,538042,538142,100,"r","r",1136,182,"r","Input"
"1524",1524,1524,538097,538191,94,"o","o",1137,182,"o","Input"
"1525",1525,1525,538162,538202,40,"u","u",1138,182,"u","Input"
"1526",1526,1526,538334,538397,63,"n","n",1139,182,"n","Input"
"1527",1527,1527,538410,538493,83,"d","d",1140,182,"d","Input"
"1528",1528,1528,538528,538612,84,"Space","Space",1141,182," ","Input"
"1529",1529,1529,538598,538648,50,"u","u",1142,183,"u","Input"
"1530",1530,1530,538664,538758,94,"s","s",1143,183,"s","Input"
"1531",1531,1531,538804,538894,90,"Space","Space",1144,183," ","Input"
"1532",1532,1532,538879,538963,84,"t","t",1145,184,"t","Input"
"1533",1533,1533,538968,539023,55,"h","h",1146,184,"h","Input"
"1534",1534,1534,539018,539145,127,"a","a",1147,184,"a","Input"
"1535",1535,1535,539064,539169,105,"t","t",1148,184,"t","Input"
"1536",1536,1536,539207,539310,103,"Space","Space",1149,184," ","Input"
"1537",1537,1537,540144,540236,92,"m","m",1150,185,"m","Input"
"1538",1538,1538,540228,540297,69,"o","o",1151,185,"o","Input"
"1539",1539,1539,540296,540398,102,"s","s",1152,185,"s","Input"
"1540",1540,1540,540360,540413,53,"t","t",1153,185,"t","Input"
"1541",1541,1541,540403,540516,113,"Space","Space",1154,185," ","Input"
"1542",1542,1542,540508,540584,76,"p","p",1155,186,"p","Input"
"1543",1543,1543,540601,540678,77,"e","e",1156,186,"e","Input"
"1544",1544,1544,540675,540769,94,"o","o",1157,186,"o","Input"
"1545",1545,1545,540722,540835,113,"p","p",1158,186,"p","Input"
"1546",1546,1546,540804,540903,99,"l","l",1159,186,"l","Input"
"1547",1547,1547,540871,540954,83,"e","e",1160,186,"e","Input"
"1548",1548,1548,541172,541270,98,"Space","Space",1161,186," ","Input"
"1549",1549,1549,541296,541421,125,"a","a",1162,187,"a","Input"
"1550",1550,1550,541396,541493,97,"r","r",1163,187,"r","Input"
"1551",1551,1551,541448,541534,86,"e","e",1164,187,"e","Input"
"1552",1552,1552,541513,541623,110,"Space","Space",1165,187," ","Input"
"1553",1553,1553,541593,541674,81,"l","l",1166,188,"l","Input"
"1554",1554,1554,541689,541816,127,"e","e",1167,188,"e","Input"
"1555",1555,1555,541878,541946,68,"s","s",1168,188,"s","Input"
"1556",1556,1556,542048,542112,64,"s","s",1169,188,"s","Input"
"1557",1557,1557,542254,542354,100,"Space","Space",1170,188," ","Input"
"1558",1558,1558,542352,542421,69,"h","h",1171,189,"h","Input"
"1559",1559,1559,542469,542553,84,"a","a",1172,189,"a","Input"
"1560",1560,1560,542529,542589,60,"p","p",1173,189,"p","Input"
"1561",1561,1561,542691,542754,63,"p","p",1174,189,"p","Input"
"1562",1562,1562,542868,542940,72,"y","y",1175,189,"y","Input"
"1563",1563,1563,543025,543107,82,"Space","Space",1176,189," ","Input"
"1564",1564,1564,543548,543626,78,"b","b",1177,190,"b","Input"
"1565",1565,1565,543677,543768,91,"e","e",1178,190,"e","Input"
"1566",1566,1566,543860,543971,111,"c","c",1179,190,"c","Input"
"1567",1567,1567,543920,544051,131,"a","a",1180,190,"a","Input"
"1568",1568,1568,544056,544118,62,"u","u",1181,190,"u","Input"
"1569",1569,1569,544138,544253,115,"s","s",1182,190,"s","Input"
"1570",1570,1570,544228,544299,71,"e","e",1183,190,"e","Input"
"1571",1571,1571,545095,545200,105,"Space","Space",1184,190," ","Input"
"1572",1572,1572,545176,545248,72,"e","e",1185,191,"e","Input"
"1573",1573,1573,545311,545413,102,"v","v",1186,191,"v","Input"
"1574",1574,1574,545442,545634,192,"e","e",1187,191,"e","Input"
"1575",1575,1575,545617,545712,95,"r","r",1188,191,"r","Input"
"1576",1576,1576,545828,545878,50,"y","y",1189,191,"y","Input"
"1577",1577,1577,545981,546147,166,"o","o",1190,191,"o","Input"
"1578",1578,1578,546061,546141,80,"n","n",1191,191,"n","Input"
"1579",1579,1579,546397,546477,80,"Backspace","Backspace",1190,191,"n","Remove/Cut"
"1580",1580,1580,546571,546637,66,"Backspace","Backspace",1189,191,"o","Remove/Cut"
"1581",1581,1581,546726,546799,73,"Backspace","Backspace",1188,191,"y","Remove/Cut"
"1582",1582,1582,546876,546947,71,"Backspace","Backspace",1187,191,"r","Remove/Cut"
"1583",1583,1583,547029,547102,73,"Backspace","Backspace",1186,191,"e","Remove/Cut"
"1584",1584,1584,547185,547257,72,"Backspace","Backspace",1185,191,"v","Remove/Cut"
"1585",1585,1585,547867,547955,88,"v","v",1186,191,"v","Input"
"1586",1586,1586,548006,548127,121,"e","e",1187,191,"e","Input"
"1587",1587,1587,548110,548183,73,"r","r",1188,191,"r","Input"
"1588",1588,1588,548182,548245,63,"y","y",1189,191,"y","Input"
"1589",1589,1589,548331,548462,131,"o","o",1190,191,"o","Input"
"1590",1590,1590,548403,548486,83,"n","n",1191,191,"n","Input"
"1591",1591,1591,548507,548573,66,"e","e",1192,191,"e","Input"
"1592",1592,1592,548639,548715,76,"Space","Space",1193,191," ","Input"
"1593",1593,1593,548707,548799,92,"e","e",1194,192,"e","Input"
"1594",1594,1594,548805,548885,80,"l","l",1195,192,"l","Input"
"1595",1595,1595,548858,548990,132,"s","s",1196,192,"s","Input"
"1596",1596,1596,548939,549031,92,"e","e",1197,192,"e","Input"
"1597",1597,1597,549075,549156,81,"Space","Space",1198,192," ","Input"
"1598",1598,1598,549260,549416,156,"a","a",1199,193,"a","Input"
"1599",1599,1599,549372,549472,100,"r","r",1200,193,"r","Input"
"1600",1600,1600,549411,549536,125,"o","o",1201,193,"o","Input"
"1601",1601,1601,549470,549537,67,"u","u",1202,193,"u","Input"
"1602",1602,1602,549681,549742,61,"n","n",1203,193,"n","Input"
"1603",1603,1603,549741,549817,76,"d","d",1204,193,"d","Input"
"1604",1604,1604,549883,549990,107,"Space","Space",1205,193," ","Input"
"1605",1605,1605,549936,550017,81,"t","t",1206,194,"t","Input"
"1606",1606,1606,550020,550067,47,"h","h",1207,194,"h","Input"
"1607",1607,1607,550063,550145,82,"e","e",1208,194,"e","Input"
"1608",1608,1608,550225,550317,92,"m","m",1209,194,"m","Input"
"1609",1609,1609,551439,551543,104,"Space","Space",1210,194," ","Input"
"1610",1610,1610,551568,551661,93,"s","s",1211,195,"s","Input"
"1611",1611,1611,551626,551713,87,"e","e",1212,195,"e","Input"
"1612",1612,1612,551788,551878,90,"e","e",1213,195,"e","Input"
"1613",1613,1613,551893,551967,74,"m","m",1214,195,"m","Input"
"1614",1614,1614,552080,552190,110,"Space","Space",1215,195," ","Input"
"1615",1615,1615,552206,552282,76,"h","h",1216,196,"h","Input"
"1616",1616,1616,552330,552433,103,"a","a",1217,196,"a","Input"
"1617",1617,1617,552386,552439,53,"p","p",1218,196,"p","Input"
"1618",1618,1618,552541,552589,48,"p","p",1219,196,"p","Input"
"1619",1619,1619,552582,552671,89,"i","i",1220,196,"i","Input"
"1620",1620,1620,552723,552843,120,"e","e",1221,196,"e","Input"
"1621",1621,1621,552820,552887,67,"r","r",1222,196,"r","Input"
"1622",1622,1622,553438,553518,80,",",",",1223,196,",","Input"
"1623",1623,1623,553670,553753,83,"Space","Space",1224,196," ","Input"
"1624",1624,1624,553722,553853,131,"w","w",1225,197,"w","Input"
"1625",1625,1625,553828,553957,129,"e","e",1226,197,"e","Input"
"1626",1626,1626,553939,554079,140,"a","a",1227,197,"a","Input"
"1627",1627,1627,554348,554449,101,"l","l",1228,197,"l","Input"
"1628",1628,1628,554657,554712,55,"t","t",1229,197,"t","Input"
"1629",1629,1629,554767,554872,105,"h","h",1230,197,"h","Input"
"1630",1630,1630,554833,554934,101,"i","i",1231,197,"i","Input"
"1631",1631,1631,554956,555069,113,"e","e",1232,197,"e","Input"
"1632",1632,1632,555043,555120,77,"r","r",1233,197,"r","Input"
"1633",1633,1633,555321,555412,91,",",",",1234,197,",","Input"
"1634",1634,1634,555605,555687,82,"Space","Space",1235,197," ","Input"
"1635",1635,1635,560894,560994,100,"m","m",1236,198,"m","Input"
"1636",1636,1636,560975,561065,90,"o","o",1237,198,"o","Input"
"1637",1637,1637,561070,561171,101,"r","r",1238,198,"r","Input"
"1638",1638,1638,561136,561226,90,"e","e",1239,198,"e","Input"
"1639",1639,1639,561643,561730,87,"Space","Space",1240,198," ","Input"
"1640",1640,1640,561686,561772,86,"l","l",1241,199,"l","Input"
"1641",1641,1641,561743,561802,59,"i","i",1242,199,"i","Input"
"1642",1642,1642,561904,561978,74,"k","k",1243,199,"k","Input"
"1643",1643,1643,561972,562046,74,"e","e",1244,199,"e","Input"
"1644",1644,1644,562135,562281,146,"a","a",1245,199,"a","Input"
"1645",1645,1645,562251,562338,87,"b","b",1246,199,"b","Input"
"1646",1646,1646,562344,562420,76,"l","l",1247,199,"l","Input"
"1647",1647,1647,562418,562498,80,"e","e",1248,199,"e","Input"
"1648",1648,1648,562605,562663,58,",",",",1249,199,",","Input"
"1649",1649,1649,562825,562906,81,"Space","Space",1250,199," ","Input"
"1650",1650,1650,562957,563051,94,"s","s",1251,200,"s","Input"
"1651",1651,1651,563059,563152,93,"o","o",1252,200,"o","Input"
"1652",1652,1652,563172,563258,86,"c","c",1253,200,"c","Input"
"1653",1653,1653,563266,563351,85,"i","i",1254,200,"i","Input"
"1654",1654,1654,563360,563455,95,"a","a",1255,200,"a","Input"
"1655",1655,1655,563464,563555,91,"l","l",1256,200,"l","Input"
"1656",1656,1656,564370,564443,73,"Backspace","Backspace",1255,200,"l","Remove/Cut"
"1657",1657,1657,564527,564606,79,"Backspace","Backspace",1254,200,"a","Remove/Cut"
"1658",1658,1658,564682,564753,71,"Backspace","Backspace",1253,200,"i","Remove/Cut"
"1659",1659,1659,564839,564922,83,"Backspace","Backspace",1252,200,"c","Remove/Cut"
"1660",1660,1660,564994,565058,64,"Backspace","Backspace",1251,200,"o","Remove/Cut"
"1661",1661,1661,565156,565236,80,"Backspace","Backspace",1250,199,"s","Remove/Cut"
"1662",1662,1662,565542,565670,128,"m","m",1251,200,"m","Input"
"1663",1663,1663,565654,565757,103,"o","o",1252,200,"o","Input"
"1664",1664,1664,565733,565850,117,"r","r",1253,200,"r","Input"
"1665",1665,1665,565804,565896,92,"e","e",1254,200,"e","Input"
"1666",1666,1666,565924,566010,86,"Space","Space",1255,200," ","Input"
"1667",1667,1667,566082,566160,78,"o","o",1256,201,"o","Input"
"1668",1668,1668,566392,566452,60,"Backspace","Backspace",1255,200,"o","Remove/Cut"
"1669",1669,1669,566586,566663,77,"s","s",1256,201,"s","Input"
"1670",1670,1670,566661,566744,83,"o","o",1257,201,"o","Input"
"1671",1671,1671,566788,566887,99,"c","c",1258,201,"c","Input"
"1672",1672,1672,566886,566954,68,"i","i",1259,201,"i","Input"
"1673",1673,1673,566953,567060,107,"a","a",1260,201,"a","Input"
"1674",1674,1674,567083,567160,77,"l","l",1261,201,"l","Input"
"1675",1675,1675,567291,567358,67,",",",",1262,201,",","Input"
"1676",1676,1676,567588,567652,64,"Space","Space",1263,201," ","Input"
"1677",1677,1677,568013,568124,111,"a","a",1264,202,"a","Input"
"1678",1678,1678,568094,568191,97,"n","n",1265,202,"n","Input"
"1679",1679,1679,568254,568323,69,"d","d",1266,202,"d","Input"
"1680",1680,1680,568338,568431,93,"Space","Space",1267,202," ","Input"
"1681",1681,1681,568429,568544,115,"t","t",1268,203,"t","Input"
"1682",1682,1682,568471,568526,55,"h","h",1269,203,"h","Input"
"1683",1683,1683,568517,568592,75,"e","e",1270,203,"e","Input"
"1684",1684,1684,568613,568726,113,"Space","Space",1271,203," ","Input"
"1685",1685,1685,568661,568757,96,"l","l",1272,204,"l","Input"
"1686",1686,1686,568720,568804,84,"i","i",1273,204,"i","Input"
"1687",1687,1687,568761,568870,109,"s","s",1274,204,"s","Input"
"1688",1688,1688,568814,568884,70,"t","t",1275,204,"t","Input"
"1689",1689,1689,568921,569021,100,"Space","Space",1276,204," ","Input"
"1690",1690,1690,568983,569032,49,"o","o",1277,205,"o","Input"
"1691",1691,1691,569086,569144,58,"g","g",1278,205,"g","Input"
"1692",1692,1692,569480,569526,46,"Backspace","Backspace",1277,205,"g","Remove/Cut"
"1693",1693,1693,569609,569674,65,"Backspace","Backspace",1276,204,"o","Remove/Cut"
"1694",1694,1694,569851,569909,58,"g","g",1277,205,"g","Input"
"1695",1695,1695,569918,569985,67,"o","o",1278,205,"o","Input"
"1696",1696,1696,570084,570197,113,"e","e",1279,205,"e","Input"
"1697",1697,1697,570169,570257,88,"s","s",1280,205,"s","Input"
"1698",1698,1698,570237,570330,93,"Space","Space",1281,205," ","Input"
"1699",1699,1699,570292,570428,136,"o","o",1282,206,"o","Input"
"1700",1700,1700,570408,570488,80,"n","n",1283,206,"n","Input"
"1701",1701,1701,570625,570703,78,"Space","Space",1284,206," ","Input"
"1702",1702,1702,570706,570836,130,"a","a",1285,207,"a","Input"
"1703",1703,1703,570801,570880,79,"n","n",1286,207,"n","Input"
"1704",1704,1704,570840,570973,133,"d","d",1287,207,"d","Input"
"1705",1705,1705,571043,571152,109,"Space","Space",1288,207," ","Input"
"1706",1706,1706,571118,571238,120,"o","o",1289,208,"o","Input"
"1707",1707,1707,571174,571276,102,"n","n",1290,208,"n","Input"
"1708",1708,1708,571984,572081,97,".",".",1291,208,".","Input"
"1709",1709,1709,572545,572613,68,"Space","Space",1292,208," ","Input"
"1710",1710,1710,576779,576841,62,"Backspace","Backspace",1291,208," ","Remove/Cut"
"1711",1711,1711,577152,577249,97,"Space","Space",1292,208," ","Input"
"1712",1712,1712,579110,579110,0,"Shift","Shift",1292,208,"NoChange","Nonproduction"
"1713",1713,1713,579218,579318,100,"I","i",1293,209,"I","Input"
"1714",1714,1714,580278,580377,99,"t","t",1294,209,"t","Input"
"1715",1715,1715,580443,580563,120,"Space","Space",1295,209," ","Input"
"1716",1716,1716,580591,580674,83,"m","m",1296,210,"m","Input"
"1717",1717,1717,580666,580745,79,"i","i",1297,210,"i","Input"
"1718",1718,1718,580757,580837,80,"g","g",1298,210,"g","Input"
"1719",1719,1719,580842,580895,53,"h","h",1299,210,"h","Input"
"1720",1720,1720,580960,581035,75,"t","t",1300,210,"t","Input"
"1721",1721,1721,581093,581208,115,"Space","Space",1301,210," ","Input"
"1722",1722,1722,581284,581365,81,"b","b",1302,211,"b","Input"
"1723",1723,1723,581523,581586,63,"e","e",1303,211,"e","Input"
"1724",1724,1724,584556,584635,79,"Leftclick","Leftclick",1108,211,"NoChange","Nonproduction"
"1725",1725,1725,584706,584767,61,"Leftclick","Leftclick",1111,211,"NoChange","Nonproduction"
"1726",1726,1726,585218,585289,71,"Backspace","Backspace",1106,210,"Thus","Remove/Cut"
"1727",1727,1727,585657,585715,58,"ArrowRight","ArrowRight",1107,210,"NoChange","Nonproduction"
"1728",1728,1728,585789,585864,75,"ArrowRight","ArrowRight",1108,210,"NoChange","Nonproduction"
"1729",1729,1729,586061,586126,65,"Backspace","Backspace",1107,210,"w","Remove/Cut"
"1730",1730,1730,586361,586361,0,"Shift","Shift",1107,210,"NoChange","Nonproduction"
"1731",1731,1731,586425,586525,100,"W","w",1108,210,"W","Input"
"1732",1732,1732,587287,587367,80,"Leftclick","Leftclick",1298,210,"NoChange","Nonproduction"
"1733",1733,1733,587877,587948,71,"Space","Space",1299,210," ","Input"
"1734",1734,1734,587975,588068,93,"t","t",1300,211,"t","Input"
"1735",1735,1735,588060,588118,58,"h","h",1301,211,"h","Input"
"1736",1736,1736,588123,588212,89,"e","e",1302,211,"e","Input"
"1737",1737,1737,588226,588331,105,"r","r",1303,211,"r","Input"
"1738",1738,1738,588305,588376,71,"e","e",1304,211,"e","Input"
"1739",1739,1739,588498,588549,51,"f","f",1305,211,"f","Input"
"1740",1740,1740,588544,588621,77,"o","o",1306,211,"o","Input"
"1741",1741,1741,588671,588774,103,"r","r",1307,211,"r","Input"
"1742",1742,1742,588736,588831,95,"e","e",1308,211,"e","Input"
"1743",1743,1743,589095,589212,117,"Space","Space",1309,211," ","Input"
"1744",1744,1744,589833,589913,80,"p","p",1310,212,"p","Input"
"1745",1745,1745,589878,589971,93,"o","o",1311,212,"o","Input"
"1746",1746,1746,589976,590035,59,"s","s",1312,212,"s","Input"
"1747",1747,1747,590114,590204,90,"s","s",1313,212,"s","Input"
"1748",1748,1748,590203,590281,78,"i","i",1314,212,"i","Input"
"1749",1749,1749,590315,590386,71,"b","b",1315,212,"b","Input"
"1750",1750,1750,590382,590470,88,"l","l",1316,212,"l","Input"
"1751",1751,1751,590476,590539,63,"e","e",1317,212,"e","Input"
"1752",1752,1752,590571,590689,118,"Space","Space",1318,212," ","Input"
"1753",1753,1753,590678,590721,43,"t","t",1319,213,"t","Input"
"1754",1754,1754,590725,590803,78,"o","o",1320,213,"o","Input"
"1755",1755,1755,590870,590962,92,"Space","Space",1321,213," ","Input"
"1756",1756,1756,591192,591236,44,"c","c",1322,214,"c","Input"
"1757",1757,1757,591207,591334,127,"o","o",1323,214,"o","Input"
"1758",1758,1758,591295,591345,50,"n","n",1324,214,"n","Input"
"1759",1759,1759,591375,591462,87,"c","c",1325,214,"c","Input"
"1760",1760,1760,591460,591493,33,"l","l",1326,214,"l","Input"
"1761",1761,1761,591566,591631,65,"u","u",1327,214,"u","Input"
"1762",1762,1762,591800,591860,60,"d","d",1328,214,"d","Input"
"1763",1763,1763,592019,592035,16,"e","e",1329,214,"e","Input"
"1764",1764,1764,592674,592763,89,"Space","Space",1330,214," ","Input"
"1765",1765,1765,592777,592859,82,"t","t",1331,215,"t","Input"
"1766",1766,1766,592891,592947,56,"h","h",1332,215,"h","Input"
"1767",1767,1767,592923,593056,133,"a","a",1333,215,"a","Input"
"1768",1768,1768,592990,593078,88,"t","t",1334,215,"t","Input"
"1769",1769,1769,593169,593263,94,"Space","Space",1335,215," ","Input"
"1770",1770,1770,594238,594321,83,"p","p",1336,216,"p","Input"
"1771",1771,1771,594346,594430,84,"e","e",1337,216,"e","Input"
"1772",1772,1772,594388,594488,100,"o","o",1338,216,"o","Input"
"1773",1773,1773,594459,594563,104,"p","p",1339,216,"p","Input"
"1774",1774,1774,594559,594657,98,"l","l",1340,216,"l","Input"
"1775",1775,1775,594636,594723,87,"e","e",1341,216,"e","Input"
"1776",1776,1776,595042,595138,96,"Space","Space",1342,216," ","Input"
"1777",1777,1777,595123,595227,104,"w","w",1343,217,"w","Input"
"1778",1778,1778,595165,595260,95,"o","o",1344,217,"o","Input"
"1779",1779,1779,595249,595370,121,"u","u",1345,217,"u","Input"
"1780",1780,1780,595336,595424,88,"l","l",1346,217,"l","Input"
"1781",1781,1781,595397,595484,87,"d","d",1347,217,"d","Input"
"1782",1782,1782,595525,595631,106,"Space","Space",1348,217," ","Input"
"1783",1783,1783,595597,595684,87,"b","b",1349,218,"b","Input"
"1784",1784,1784,595760,595819,59,"e","e",1350,218,"e","Input"
"1785",1785,1785,595840,595932,92,"Space","Space",1351,218," ","Input"
"1786",1786,1786,595977,596035,58,"m","m",1352,219,"m","Input"
"1787",1787,1787,596156,596197,41,"u","u",1353,219,"u","Input"
"1788",1788,1788,596260,596335,75,"c","c",1354,219,"c","Input"
"1789",1789,1789,596357,596429,72,"h","h",1355,219,"h","Input"
"1790",1790,1790,596503,596587,84,"Space","Space",1356,219," ","Input"
"1791",1791,1791,596564,596626,62,"h","h",1357,220,"h","Input"
"1792",1792,1792,596645,596735,90,"a","a",1358,220,"a","Input"
"1793",1793,1793,596705,596776,71,"p","p",1359,220,"p","Input"
"1794",1794,1794,596859,596942,83,"p","p",1360,220,"p","Input"
"1795",1795,1795,596948,597058,110,"i","i",1361,220,"i","Input"
"1796",1796,1796,597110,597274,164,"e","e",1362,220,"e","Input"
"1797",1797,1797,598219,598306,87,"r","r",1363,220,"r","Input"
"1798",1798,1798,598856,598948,92,"Space","Space",1364,220," ","Input"
"1799",1799,1799,599001,599090,89,"a","a",1365,221,"a","Input"
"1800",1800,1800,599074,599168,94,"n","n",1366,221,"n","Input"
"1801",1801,1801,600437,600536,99,"d","d",1367,221,"d","Input"
"1802",1802,1802,600627,600731,104,"Space","Space",1368,221," ","Input"
"1803",1803,1803,601026,601121,95,"s","s",1369,222,"s","Input"
"1804",1804,1804,601151,601240,89,"o","o",1370,222,"o","Input"
"1805",1805,1805,601261,601304,43,"c","c",1371,222,"c","Input"
"1806",1806,1806,601485,601572,87,"i","i",1372,222,"i","Input"
"1807",1807,1807,601700,601757,57,"e","e",1373,222,"e","Input"
"1808",1808,1808,601859,601933,74,"t","t",1374,222,"t","Input"
"1809",1809,1809,601939,601997,58,"y","y",1375,222,"y","Input"
"1810",1810,1810,602076,602144,68,"Space","Space",1376,222," ","Input"
"1811",1811,1811,602176,602254,78,"c","c",1377,223,"c","Input"
"1812",1812,1812,602225,602322,97,"o","o",1378,223,"o","Input"
"1813",1813,1813,602296,602425,129,"u","u",1379,223,"u","Input"
"1814",1814,1814,602410,602492,82,"l","l",1380,223,"l","Input"
"1815",1815,1815,602492,602570,78,"d","d",1381,223,"d","Input"
"1816",1816,1816,602620,602723,103,"Space","Space",1382,223," ","Input"
"1817",1817,1817,604734,605222,488,"Backspace","Backspace",1381,223," ","Remove/Cut"
"1818",1818,1818,605222,605305,83,"Backspace","Backspace",1380,223,"d","Remove/Cut"
"1819",1819,1819,605305,605388,83,"Backspace","Backspace",1379,223,"l","Remove/Cut"
"1820",1820,1820,605388,605471,83,"Backspace","Backspace",1378,223,"u","Remove/Cut"
"1821",1821,1821,605471,605555,84,"Backspace","Backspace",1377,223,"o","Remove/Cut"
"1822",1822,1822,605555,605643,88,"Backspace","Backspace",1376,222,"c","Remove/Cut"
"1823",1823,1823,605643,605723,80,"Backspace","Backspace",1375,222," ","Remove/Cut"
"1824",1824,1824,605723,605806,83,"Backspace","Backspace",1374,222,"y","Remove/Cut"
"1825",1825,1825,605806,605891,85,"Backspace","Backspace",1373,222,"t","Remove/Cut"
"1826",1826,1826,605891,605974,83,"Backspace","Backspace",1372,222,"e","Remove/Cut"
"1827",1827,1827,605974,606059,85,"Backspace","Backspace",1371,222,"i","Remove/Cut"
"1828",1828,1828,606059,606140,81,"Backspace","Backspace",1370,222,"c","Remove/Cut"
"1829",1829,1829,606140,606227,87,"Backspace","Backspace",1369,222,"o","Remove/Cut"
"1830",1830,1830,606227,606311,84,"Backspace","Backspace",1368,221,"s","Remove/Cut"
"1831",1831,1831,606311,606394,83,"Backspace","Backspace",1367,221," ","Remove/Cut"
"1832",1832,1832,606394,606477,83,"Backspace","Backspace",1366,221,"d","Remove/Cut"
"1833",1833,1833,606477,606558,81,"Backspace","Backspace",1365,221,"n","Remove/Cut"
"1834",1834,1834,606558,606643,85,"Backspace","Backspace",1364,220,"a","Remove/Cut"
"1835",1835,1835,606643,606727,84,"Backspace","Backspace",1363,220," ","Remove/Cut"
"1836",1836,1836,606727,606812,85,"Backspace","Backspace",1362,220,"r","Remove/Cut"
"1837",1837,1837,606812,606895,83,"Backspace","Backspace",1361,220,"e","Remove/Cut"
"1838",1838,1838,606895,606980,85,"Backspace","Backspace",1360,220,"i","Remove/Cut"
"1839",1839,1839,606980,607052,72,"Backspace","Backspace",1359,220,"p","Remove/Cut"
"1840",1840,1840,609355,609418,63,"Leftclick","Leftclick",1297,220,"NoChange","Nonproduction"
"1841",1841,1841,609489,609551,62,"Leftclick","Leftclick",1298,220,"NoChange","Nonproduction"
"1842",1842,1842,609833,609893,60,"Backspace","Backspace",1295,219,"be","Remove/Cut"
"1843",1843,1843,611304,611401,97,"Leftclick","Leftclick",1305,219,"NoChange","Nonproduction"
"1844",1844,1844,611517,611640,123,"Space","Space",1306,219," ","Input"
"1845",1845,1845,611694,611765,71,"b","b",1307,220,"b","Input"
"1846",1846,1846,611880,611953,73,"e","e",1308,220,"e","Input"
"1847",1847,1847,612737,612818,81,"Leftclick","Leftclick",1359,220,"NoChange","Nonproduction"
"1848",1848,1848,613504,613571,67,"Backspace","Backspace",1358,220,"p","Remove/Cut"
"1849",1849,1849,613632,613694,62,"Backspace","Backspace",1357,220,"a","Remove/Cut"
"1850",1850,1850,613753,613817,64,"Backspace","Backspace",1356,219,"h","Remove/Cut"
"1851",1851,1851,613879,613943,64,"Backspace","Backspace",1355,219," ","Remove/Cut"
"1852",1852,1852,614001,614057,56,"Backspace","Backspace",1354,219,"h","Remove/Cut"
"1853",1853,1853,614131,614193,62,"Backspace","Backspace",1353,219,"c","Remove/Cut"
"1854",1854,1854,614262,614319,57,"Backspace","Backspace",1352,219,"u","Remove/Cut"
"1855",1855,1855,614400,614463,63,"Backspace","Backspace",1351,218,"m","Remove/Cut"
"1856",1856,1856,615304,615323,19,"Backspace","Backspace",1350,218," ","Remove/Cut"
"1857",1857,1857,615469,615524,55,"Backspace","Backspace",1349,218,"e","Remove/Cut"
"1858",1858,1858,615564,615659,95,"Backspace","Backspace",1348,217,"b","Remove/Cut"
"1859",1859,1859,616111,616191,80,"e","e",1349,218,"e","Input"
"1860",1860,1860,616546,616608,62,"m","m",1350,218,"m","Input"
"1861",1861,1861,616693,616764,71,"b","b",1351,218,"b","Input"
"1862",1862,1862,616895,616959,64,"r","r",1352,218,"r","Input"
"1863",1863,1863,617005,617104,99,"a","a",1353,218,"a","Input"
"1864",1864,1864,617208,617349,141,"e","e",1354,218,"e","Input"
"1865",1865,1865,617826,617872,46,"Backspace","Backspace",1353,218,"e","Remove/Cut"
"1866",1866,1866,617924,618004,80,"c","c",1354,218,"c","Input"
"1867",1867,1867,617974,618077,103,"e","e",1355,218,"e","Input"
"1868",1868,1868,618236,618273,37,"Space","Space",1356,218," ","Input"
"1869",1869,1869,618490,618584,94,"t","t",1357,219,"t","Input"
"1870",1870,1870,618608,618657,49,"h","h",1358,219,"h","Input"
"1871",1871,1871,618696,618770,74,"e","e",1359,219,"e","Input"
"1872",1872,1872,618819,618915,96,"m","m",1360,219,"m","Input"
"1873",1873,1873,618997,619120,123,"s","s",1361,219,"s","Input"
"1874",1874,1874,619090,619168,78,"e","e",1362,219,"e","Input"
"1875",1875,1875,619209,619301,92,"l","l",1363,219,"l","Input"
"1876",1876,1876,619307,619431,124,"v","v",1364,219,"v","Input"
"1877",1877,1877,619402,619525,123,"e","e",1365,219,"e","Input"
"1878",1878,1878,619473,619585,112,"s","s",1366,219,"s","Input"
"1879",1879,1879,619909,619999,90,"Space","Space",1367,219," ","Input"
"1880",1880,1880,620065,620136,71,"m","m",1368,220,"m","Input"
"1881",1881,1881,620119,620206,87,"o","o",1369,220,"o","Input"
"1882",1882,1882,620179,620275,96,"r","r",1370,220,"r","Input"
"1883",1883,1883,620248,620340,92,"e","e",1371,220,"e","Input"
"1884",1884,1884,620353,620449,96,"Space","Space",1372,220," ","Input"
"1885",1885,1885,620454,620555,101,"a","a",1373,221,"a","Input"
"1886",1886,1886,620537,620623,86,"n","n",1374,221,"n","Input"
"1887",1887,1887,620622,620712,90,"d","d",1375,221,"d","Input"
"1888",1888,1888,620730,620852,122,"Space","Space",1376,221," ","Input"
"1889",1889,1889,620958,621017,59,"e","e",1377,222,"e","Input"
"1890",1890,1890,621156,621230,74,"x","x",1378,222,"x","Input"
"1891",1891,1891,621310,621392,82,"p","p",1379,222,"p","Input"
"1892",1892,1892,621421,621517,96,"e","e",1380,222,"e","Input"
"1893",1893,1893,621496,621575,79,"r","r",1381,222,"r","Input"
"1894",1894,1894,621606,621675,69,"i","i",1382,222,"i","Input"
"1895",1895,1895,621674,621748,74,"e","e",1383,222,"e","Input"
"1896",1896,1896,621766,621857,91,"n","n",1384,222,"n","Input"
"1897",1897,1897,621882,621985,103,"c","c",1385,222,"c","Input"
"1898",1898,1898,621925,622012,87,"e","e",1386,222,"e","Input"
"1899",1899,1899,622088,622167,79,"Space","Space",1387,222," ","Input"
"1900",1900,1900,622192,622284,92,"a","a",1388,223,"a","Input"
"1901",1901,1901,622333,622416,83,"Space","Space",1389,223," ","Input"
"1902",1902,1902,622685,622755,70,"m","m",1390,224,"m","Input"
"1903",1903,1903,622729,622811,82,"o","o",1391,224,"o","Input"
"1904",1904,1904,622816,622894,78,"r","r",1392,224,"r","Input"
"1905",1905,1905,622840,622899,59,"e","e",1393,224,"e","Input"
"1906",1906,1906,622915,623018,103,"Space","Space",1394,224," ","Input"
"1907",1907,1907,622991,623079,88,"p","p",1395,225,"p","Input"
"1908",1908,1908,623128,623169,41,"r","r",1396,225,"r","Input"
"1909",1909,1909,623603,623663,60,"o","o",1397,225,"o","Input"
"1910",1910,1910,623757,623836,79,"f","f",1398,225,"f","Input"
"1911",1911,1911,623842,623942,100,"o","o",1399,225,"o","Input"
"1912",1912,1912,623905,623954,49,"u","u",1400,225,"u","Input"
"1913",1913,1913,624061,624122,61,"n","n",1401,225,"n","Input"
"1914",1914,1914,624102,624176,74,"d","d",1402,225,"d","Input"
"1915",1915,1915,624246,624309,63,"Space","Space",1403,225," ","Input"
"1916",1916,1916,624319,624412,93,"s","s",1404,226,"s","Input"
"1917",1917,1917,624361,624455,94,"e","e",1405,226,"e","Input"
"1918",1918,1918,624471,624516,45,"n","n",1406,226,"n","Input"
"1919",1919,1919,624572,624678,106,"s","s",1407,226,"s","Input"
"1920",1920,1920,624628,624718,90,"e","e",1408,226,"e","Input"
"1921",1921,1921,624742,624852,110,"Space","Space",1409,226," ","Input"
"1922",1922,1922,624796,624887,91,"o","o",1410,227,"o","Input"
"1923",1923,1923,624886,624957,71,"f","f",1411,227,"f","Input"
"1924",1924,1924,624977,625063,86,"Space","Space",1412,227," ","Input"
"1925",1925,1925,625109,625158,49,"h","h",1413,228,"h","Input"
"1926",1926,1926,625193,625279,86,"a","a",1414,228,"a","Input"
"1927",1927,1927,625261,625316,55,"p","p",1415,228,"p","Input"
"1928",1928,1928,625400,625476,76,"p","p",1416,228,"p","Input"
"1929",1929,1929,625464,625578,114,"i","i",1417,228,"i","Input"
"1930",1930,1930,625547,625626,79,"n","n",1418,228,"n","Input"
"1931",1931,1931,625640,625770,130,"e","e",1419,228,"e","Input"
"1932",1932,1932,625776,625851,75,"s","s",1420,228,"s","Input"
"1933",1933,1933,625965,626024,59,"s","s",1421,228,"s","Input"
"1934",1934,1934,626398,626505,107,"Space","Space",1422,228," ","Input"
"1935",1935,1935,626477,626552,75,"i","i",1423,229,"i","Input"
"1936",1936,1936,626633,626705,72,"f","f",1424,229,"f","Input"
"1937",1937,1937,626724,626818,94,"Space","Space",1425,229," ","Input"
"1938",1938,1938,626899,626946,47,"t","t",1426,230,"t","Input"
"1939",1939,1939,626977,627018,41,"h","h",1427,230,"h","Input"
"1940",1940,1940,627050,627145,95,"e","e",1428,230,"e","Input"
"1941",1941,1941,627221,627292,71,"y","y",1429,230,"y","Input"
"1942",1942,1942,628788,628847,59,"Space","Space",1430,230," ","Input"
"1943",1943,1943,628843,628910,67,"d","d",1431,231,"d","Input"
"1944",1944,1944,628918,628972,54,"i","i",1432,231,"i","Input"
"1945",1945,1945,628982,629057,75,"d","d",1433,231,"d","Input"
"1946",1946,1946,629078,629189,111,"Space","Space",1434,231," ","Input"
"1947",1947,1947,629129,629217,88,"n","n",1435,232,"n","Input"
"1948",1948,1948,629188,629280,92,"o","o",1436,232,"o","Input"
"1949",1949,1949,629306,629366,60,"t","t",1437,232,"t","Input"
"1950",1950,1950,629420,629551,131,"Space","Space",1438,232," ","Input"
"1951",1951,1951,629563,629644,81,"p","p",1439,233,"p","Input"
"1952",1952,1952,629642,629698,56,"r","r",1440,233,"r","Input"
"1953",1953,1953,629761,629871,110,"i","i",1441,233,"i","Input"
"1954",1954,1954,629854,629948,94,"o","o",1442,233,"o","Input"
"1955",1955,1955,630004,630100,96,"r","r",1443,233,"r","Input"
"1956",1956,1956,630135,630218,83,"i","i",1444,233,"i","Input"
"1957",1957,1957,630231,630307,76,"t","t",1445,233,"t","Input"
"1958",1958,1958,630957,631019,62,"i","i",1446,233,"i","Input"
"1959",1959,1959,631095,631206,111,"z","z",1447,233,"z","Input"
"1960",1960,1960,631225,631304,79,"e","e",1448,233,"e","Input"
"1961",1961,1961,631930,632030,100,"Space","Space",1449,233," ","Input"
"1962",1962,1962,632029,632144,115,"m","m",1450,234,"m","Input"
"1963",1963,1963,632075,632210,135,"a","a",1451,234,"a","Input"
"1964",1964,1964,632202,632307,105,"t","t",1452,234,"t","Input"
"1965",1965,1965,632305,632452,147,"e","e",1453,234,"e","Input"
"1966",1966,1966,632421,632497,76,"r","r",1454,234,"r","Input"
"1967",1967,1967,632516,632593,77,"i","i",1455,234,"i","Input"
"1968",1968,1968,632668,632786,118,"a","a",1456,234,"a","Input"
"1969",1969,1969,632819,632904,85,"l","l",1457,234,"l","Input"
"1970",1970,1970,632994,633065,71,"i","i",1458,234,"i","Input"
"1971",1971,1971,633330,633438,108,"s","s",1459,234,"s","Input"
"1972",1972,1972,633457,633528,71,"m","m",1460,234,"m","Input"
"1973",1973,1973,639987,640068,81,"Leftclick","Leftclick",489,234,"NoChange","Nonproduction"
"1974",1974,1974,640686,640775,89,"ArrowLeft","ArrowLeft",488,234,"NoChange","Nonproduction"
"1975",1975,1975,641191,641278,87,"Space","Space",489,235," ","Input"
"1976",1976,1976,641436,641542,106,"a","a",490,235,"a","Input"
"1977",1977,1977,641492,641561,69,"n","n",491,235,"n","Input"
"1978",1978,1978,641582,641665,83,"d","d",492,235,"d","Input"
"1979",1979,1979,641671,641758,87,"Space","Space",493,236," ","Input"
"1980",1980,1980,641745,641849,104,"s","s",494,236,"s","Input"
"1981",1981,1981,641806,641857,51,"h","h",495,236,"h","Input"
"1982",1982,1982,641891,641930,39,"o","o",496,236,"o","Input"
"1983",1983,1983,641979,642057,78,"u","u",497,236,"u","Input"
"1984",1984,1984,642021,642109,88,"l","l",498,236,"l","Input"
"1985",1985,1985,642100,642179,79,"d","d",499,236,"d","Input"
"1986",1986,1986,642209,642304,95,"Space","Space",500,237," ","Input"
"1987",1987,1987,642347,642443,96,"t","t",501,237,"t","Input"
"1988",1988,1988,642403,642458,55,"h","h",502,237,"h","Input"
"1989",1989,1989,642449,642532,83,"e","e",503,237,"e","Input"
"1990",1990,1990,642548,642660,112,"r","r",504,237,"r","Input"
"1991",1991,1991,642614,642704,90,"e","e",505,237,"e","Input"
"1992",1992,1992,642799,642890,91,"f","f",506,237,"f","Input"
"1993",1993,1993,642899,642986,87,"o","o",507,237,"o","Input"
"1994",1994,1994,642983,643072,89,"r","r",508,237,"r","Input"
"1995",1995,1995,643027,643116,89,"e","e",509,237,"e","Input"
"1996",1996,1996,644063,644136,73,"Backspace","Backspace",508,237,"e","Remove/Cut"
"1997",1997,1997,644223,644284,61,"Backspace","Backspace",507,237,"r","Remove/Cut"
"1998",1998,1998,644375,644446,71,"Backspace","Backspace",506,237,"o","Remove/Cut"
"1999",1999,1999,644531,644600,69,"Backspace","Backspace",505,237,"f","Remove/Cut"
"2000",2000,2000,644770,644844,74,"b","b",506,237,"b","Input"
"2001",2001,2001,644850,644928,78,"y","y",507,237,"y","Input"
"2002",2002,2002,644998,645098,100,"Space","Space",508,238," ","Input"
"2003",2003,2003,645157,645214,57,"b","b",509,238,"b","Input"
"2004",2004,2004,645295,645367,72,"e","e",510,238,"e","Input"
"2005",2005,2005,645415,645516,101,"Space","Space",511,239," ","Input"
"2006",2006,2006,645901,645997,96,"c","c",512,239,"c","Input"
"2007",2007,2007,646111,646183,72,"r","r",513,239,"r","Input"
"2008",2008,2008,646256,646322,66,"i","i",514,239,"i","Input"
"2009",2009,2009,646331,646402,71,"t","t",515,239,"t","Input"
"2010",2010,2010,646452,646510,58,"i","i",516,239,"i","Input"
"2011",2011,2011,646722,646786,64,"c","c",517,239,"c","Input"
"2012",2012,2012,646855,646931,76,"i","i",518,239,"i","Input"
"2013",2013,2013,647007,647098,91,"z","z",519,239,"z","Input"
"2014",2014,2014,647196,647247,51,"e","e",520,239,"e","Input"
"2015",2015,2015,647439,647538,99,"s","s",521,239,"s","Input"
"2016",2016,2016,647840,647884,44,"Backspace","Backspace",520,239,"s","Remove/Cut"
"2017",2017,2017,647895,647990,95,"d","d",521,239,"d","Input"
"2018",2018,2018,654875,654969,94,"Leftclick","Leftclick",1493,239,"NoChange","Nonproduction"
"2019",2019,2019,661008,661092,84,".",".",1494,239,".","Input"
"2020",2020,2020,661708,661757,49,"Enter","Enter",1495,239,"\n","Input"
"2021",2021,2021,661848,661912,64,"Enter","Enter",1496,239,"\n","Input"
"2022",2022,2022,662454,662454,0,"Shift","Shift",1496,239,"NoChange","Nonproduction"
"2023",2023,2023,662682,662775,93,"O","o",1497,239,"O","Input"
"2024",2024,2024,662904,662987,83,"n","n",1498,239,"n","Input"
"2025",2025,2025,663052,663125,73,"e","e",1499,239,"e","Input"
"2026",2026,2026,663129,663245,116,"Space","Space",1500,239," ","Input"
"2027",2027,2027,663227,663290,63,"n","n",1501,240,"n","Input"
"2028",2028,2028,663289,663308,19,"i","i",1502,240,"i","Input"
"2029",2029,2029,663613,663715,102,"Backspace","Backspace",1501,240,"i","Remove/Cut"
"2030",2030,2030,663958,664016,58,"m","m",1502,240,"m","Input"
"2031",2031,2031,664193,664244,51,"Backspace","Backspace",1501,240,"m","Remove/Cut"
"2032",2032,2032,664304,664363,59,"Backspace","Backspace",1500,239,"n","Remove/Cut"
"2033",2033,2033,664583,664658,75,"m","m",1501,240,"m","Input"
"2034",2034,2034,664636,664728,92,"i","i",1502,240,"i","Input"
"2035",2035,2035,664754,664851,97,"g","g",1503,240,"g","Input"
"2036",2036,2036,664823,664886,63,"h","h",1504,240,"h","Input"
"2037",2037,2037,664954,665024,70,"t","t",1505,240,"t","Input"
"2038",2038,2038,665076,665165,89,"Space","Space",1506,240," ","Input"
"2039",2039,2039,665170,665314,144,"a","a",1507,241,"a","Input"
"2040",2040,2040,665288,665355,67,"r","r",1508,241,"r","Input"
"2041",2041,2041,665483,665538,55,"g","g",1509,241,"g","Input"
"2042",2042,2042,665770,665824,54,"u","u",1510,241,"u","Input"
"2043",2043,2043,665958,666041,83,"e","e",1511,241,"e","Input"
"2044",2044,2044,666142,666234,92,"Space","Space",1512,241," ","Input"
"2045",2045,2045,666254,666360,106,"t","t",1513,242,"t","Input"
"2046",2046,2046,666335,666392,57,"h","h",1514,242,"h","Input"
"2047",2047,2047,666391,666529,138,"a","a",1515,242,"a","Input"
"2048",2048,2048,666467,666565,98,"t","t",1516,242,"t","Input"
"2049",2049,2049,668811,668896,85,"Space","Space",1517,242," ","Input"
"2050",2050,2050,675618,675685,67,"e","e",1518,243,"e","Input"
"2051",2051,2051,675801,675887,86,"x","x",1519,243,"x","Input"
"2052",2052,2052,675935,676006,71,"p","p",1520,243,"p","Input"
"2053",2053,2053,676088,676226,138,"r","r",1521,243,"r","Input"
"2054",2054,2054,676167,676306,139,"e","e",1522,243,"e","Input"
"2055",2055,2055,676261,676354,93,"s","s",1523,243,"s","Input"
"2056",2056,2056,676450,676545,95,"s","s",1524,243,"s","Input"
"2057",2057,2057,676606,676820,214,"i","i",1525,243,"i","Input"
"2058",2058,2058,676673,676801,128,"o","o",1526,243,"o","Input"
"2059",2059,2059,676739,676836,97,"n","n",1527,243,"n","Input"
"2060",2060,2060,678525,678592,67,"Space","Space",1528,243," ","Input"
"2061",2061,2061,678830,678900,70,"Backspace","Backspace",1527,243," ","Remove/Cut"
"2062",2062,2062,678976,679054,78,"Backspace","Backspace",1526,243,"n","Remove/Cut"
"2063",2063,2063,679127,679190,63,"Backspace","Backspace",1525,243,"o","Remove/Cut"
"2064",2064,2064,679264,679471,207,"Backspace","Backspace",1524,243,"i","Remove/Cut"
"2065",2065,2065,679506,679594,88,"Backspace","Backspace",1523,243,"s","Remove/Cut"
"2066",2066,2066,679663,679718,55,"Backspace","Backspace",1522,243,"s","Remove/Cut"
"2067",2067,2067,679792,679861,69,"Backspace","Backspace",1521,243,"e","Remove/Cut"
"2068",2068,2068,679934,679995,61,"Backspace","Backspace",1520,243,"r","Remove/Cut"
"2069",2069,2069,680073,680132,59,"Backspace","Backspace",1519,243,"p","Remove/Cut"
"2070",2070,2070,680242,680320,78,"Backspace","Backspace",1518,243,"x","Remove/Cut"
"2071",2071,2071,680404,680477,73,"Backspace","Backspace",1517,242,"e","Remove/Cut"
"2072",2072,2072,680735,680808,73,"m","m",1518,243,"m","Input"
"2073",2073,2073,680834,680987,153,"a","a",1519,243,"a","Input"
"2074",2074,2074,680986,681104,118,"t","t",1520,243,"t","Input"
"2075",2075,2075,681077,681255,178,"e","e",1521,243,"e","Input"
"2076",2076,2076,681218,681300,82,"r","r",1522,243,"r","Input"
"2077",2077,2077,681292,681376,84,"i","i",1523,243,"i","Input"
"2078",2078,2078,681407,681514,107,"a","a",1524,243,"a","Input"
"2079",2079,2079,681488,681554,66,"l","l",1525,243,"l","Input"
"2080",2080,2080,682036,682130,94,"s","s",1526,243,"s","Input"
"2081",2081,2081,682143,682203,60,"m","m",1527,243,"m","Input"
"2082",2082,2082,682383,682438,55,"Backspace","Backspace",1526,243,"m","Remove/Cut"
"2083",2083,2083,682508,682564,56,"Backspace","Backspace",1525,243,"s","Remove/Cut"
"2084",2084,2084,682702,682757,55,"i","i",1526,243,"i","Input"
"2085",2085,2085,682814,682904,90,"s","s",1527,243,"s","Input"
"2086",2086,2086,682882,682947,65,"m","m",1528,243,"m","Input"
"2087",2087,2087,683041,683122,81,"Space","Space",1529,243," ","Input"
"2088",2088,2088,683198,683272,74,"p","p",1530,244,"p","Input"
"2089",2089,2089,683328,683411,83,"r","r",1531,244,"r","Input"
"2090",2090,2090,683426,683525,99,"o","o",1532,244,"o","Input"
"2091",2091,2091,683513,683611,98,"m","m",1533,244,"m","Input"
"2092",2092,2092,683609,683647,38,"o","o",1534,244,"o","Input"
"2093",2093,2093,683682,683797,115,"t","t",1535,244,"t","Input"
"2094",2094,2094,683757,683890,133,"e","e",1536,244,"e","Input"
"2095",2095,2095,683872,683983,111,"s","s",1537,244,"s","Input"
"2096",2096,2096,684137,684267,130,"Space","Space",1538,244," ","Input"
"2097",2097,2097,684650,684730,80,"s","s",1539,245,"s","Input"
"2098",2098,2098,684705,684785,80,"e","e",1540,245,"e","Input"
"2099",2099,2099,684784,684875,91,"l","l",1541,245,"l","Input"
"2100",2100,2100,684873,684952,79,"f","f",1542,245,"f","Input"
"2101",2101,2101,685024,685152,128,"Space","Space",1543,245," ","Input"
"2102",2102,2102,685186,685243,57,"e","e",1544,246,"e","Input"
"2103",2103,2103,685403,685457,54,"x","x",1545,246,"x","Input"
"2104",2104,2104,685511,685573,62,"p","p",1546,246,"p","Input"
"2105",2105,2105,685642,685718,76,"r","r",1547,246,"r","Input"
"2106",2106,2106,685679,685808,129,"e","e",1548,246,"e","Input"
"2107",2107,2107,685760,685868,108,"s","s",1549,246,"s","Input"
"2108",2108,2108,685938,686020,82,"s","s",1550,246,"s","Input"
"2109",2109,2109,686088,686293,205,"i","i",1551,246,"i","Input"
"2110",2110,2110,686134,686275,141,"o","o",1552,246,"o","Input"
"2111",2111,2111,686224,686313,89,"n","n",1553,246,"n","Input"
"2112",2112,2112,688827,688919,92,"Leftclick","Leftclick",1543,246,"NoChange","Nonproduction"
"2113",2113,2113,689280,689357,77,"Backspace","Backspace",1542,245," ","Remove/Cut"
"2114",2114,2114,689449,689480,31,"-","-",1543,245,"-","Input"
"2115",2115,2115,690855,690969,114,"Leftclick","Leftclick",1553,245,"NoChange","Nonproduction"
"2116",2116,2116,692580,692658,78,"Space","Space",1554,245," ","Input"
"2117",2117,2117,692671,692768,97,"a","a",1555,246,"a","Input"
"2118",2118,2118,692735,692817,82,"n","n",1556,246,"n","Input"
"2119",2119,2119,692844,692933,89,"d","d",1557,246,"d","Input"
"2120",2120,2120,698246,698355,109,"Space","Space",1558,246," ","Input"
"2121",2121,2121,698312,698395,83,"i","i",1559,247,"i","Input"
"2122",2122,2122,698478,698589,111,"s","s",1560,247,"s","Input"
"2123",2123,2123,699525,699644,119,"Space","Space",1561,247," ","Input"
"2124",2124,2124,700970,701064,94,"a","a",1562,248,"a","Input"
"2125",2125,2125,702082,702180,98,"Space","Space",1563,248," ","Input"
"2126",2126,2126,702225,702321,96,"n","n",1564,249,"n","Input"
"2127",2127,2127,702305,702400,95,"a","a",1565,249,"a","Input"
"2128",2128,2128,702448,702536,88,"t","t",1566,249,"t","Input"
"2129",2129,2129,702542,702606,64,"u","u",1567,249,"u","Input"
"2130",2130,2130,702633,702747,114,"r","r",1568,249,"r","Input"
"2131",2131,2131,702709,702810,101,"a","a",1569,249,"a","Input"
"2132",2132,2132,702807,702885,78,"l","l",1570,249,"l","Input"
"2133",2133,2133,702962,703026,64,"Space","Space",1571,249," ","Input"
"2134",2134,2134,702991,703171,180,"w","w",1572,250,"w","Input"
"2135",2135,2135,703121,703249,128,"a","a",1573,250,"a","Input"
"2136",2136,2136,703243,703322,79,"y","y",1574,250,"y","Input"
"2137",2137,2137,703410,703494,84,"Space","Space",1575,250," ","Input"
"2138",2138,2138,703526,703601,75,"f","f",1576,251,"f","Input"
"2139",2139,2139,703575,703659,84,"o","o",1577,251,"o","Input"
"2140",2140,2140,703698,703766,68,"r","r",1578,251,"r","Input"
"2141",2141,2141,703793,703923,130,"Space","Space",1579,251," ","Input"
"2142",2142,2142,704007,704095,88,"p","p",1580,252,"p","Input"
"2143",2143,2143,704349,704456,107,"e","e",1581,252,"e","Input"
"2144",2144,2144,704487,704572,85,"o","o",1582,252,"o","Input"
"2145",2145,2145,704539,704668,129,"p","p",1583,252,"p","Input"
"2146",2146,2146,704661,704756,95,"l","l",1584,252,"l","Input"
"2147",2147,2147,704753,704824,71,"e","e",1585,252,"e","Input"
"2148",2148,2148,704891,705013,122,"Space","Space",1586,252," ","Input"
"2149",2149,2149,705074,705147,73,"t","t",1587,253,"t","Input"
"2150",2150,2150,705127,705225,98,"o","o",1588,253,"o","Input"
"2151",2151,2151,705242,705323,81,"Space","Space",1589,253," ","Input"
"2152",2152,2152,705393,705480,87,"c","c",1590,254,"c","Input"
"2153",2153,2153,705409,705517,108,"o","o",1591,254,"o","Input"
"2154",2154,2154,705487,705556,69,"m","m",1592,254,"m","Input"
"2155",2155,2155,705628,705694,66,"m","m",1593,254,"m","Input"
"2156",2156,2156,705840,705880,40,"u","u",1594,254,"u","Input"
"2157",2157,2157,706018,706118,100,"n","n",1595,254,"n","Input"
"2158",2158,2158,706077,706186,109,"i","i",1596,254,"i","Input"
"2159",2159,2159,706136,706236,100,"c","c",1597,254,"c","Input"
"2160",2160,2160,706265,706363,98,"a","a",1598,254,"a","Input"
"2161",2161,2161,706432,706575,143,"t","t",1599,254,"t","Input"
"2162",2162,2162,706516,706609,93,"e","e",1600,254,"e","Input"
"2163",2163,2163,706695,706779,84,"Space","Space",1601,254," ","Input"
"2164",2164,2164,706758,706841,83,"w","w",1602,255,"w","Input"
"2165",2165,2165,706840,706909,69,"i","i",1603,255,"i","Input"
"2166",2166,2166,706905,706996,91,"t","t",1604,255,"t","Input"
"2167",2167,2167,706985,707038,53,"h","h",1605,255,"h","Input"
"2168",2168,2168,707065,707140,75,"Space","Space",1606,255," ","Input"
"2169",2169,2169,707110,707213,103,"e","e",1607,256,"e","Input"
"2170",2170,2170,707221,707338,117,"a","a",1608,256,"a","Input"
"2171",2171,2171,707278,707397,119,"c","c",1609,256,"c","Input"
"2172",2172,2172,707348,707412,64,"h","h",1610,256,"h","Input"
"2173",2173,2173,707442,707545,103,"Space","Space",1611,256," ","Input"
"2174",2174,2174,707493,707578,85,"o","o",1612,257,"o","Input"
"2175",2175,2175,707577,707652,75,"t","t",1613,257,"t","Input"
"2176",2176,2176,707660,707722,62,"h","h",1614,257,"h","Input"
"2177",2177,2177,707683,707827,144,"e","e",1615,257,"e","Input"
"2178",2178,2178,707775,707872,97,"r","r",1616,257,"r","Input"
"2179",2179,2179,707871,707968,97,"Space","Space",1617,257," ","Input"
"2180",2180,2180,708163,708245,82,"w","w",1618,258,"w","Input"
"2181",2181,2181,708238,708291,53,"h","h",1619,258,"h","Input"
"2182",2182,2182,708339,708433,94,"a","a",1620,258,"a","Input"
"2183",2183,2183,708395,708488,93,"t","t",1621,258,"t","Input"
"2184",2184,2184,708460,708550,90,"Space","Space",1622,258," ","Input"
"2185",2185,2185,708680,708762,82,"t","t",1623,259,"t","Input"
"2186",2186,2186,708761,708818,57,"h","h",1624,259,"h","Input"
"2187",2187,2187,708897,708968,71,"e","e",1625,259,"e","Input"
"2188",2188,2188,708977,709048,71,"y","y",1626,259,"y","Input"
"2189",2189,2189,709098,709189,91,"Space","Space",1627,259," ","Input"
"2190",2190,2190,709224,709300,76,"l","l",1628,260,"l","Input"
"2191",2191,2191,709256,709331,75,"i","i",1629,260,"i","Input"
"2192",2192,2192,709413,709480,67,"k","k",1630,260,"k","Input"
"2193",2193,2193,709486,709542,56,"e","e",1631,260,"e","Input"
"2194",2194,2194,709628,709739,111,"Space","Space",1632,260," ","Input"
"2195",2195,2195,709911,709999,88,"a","a",1633,261,"a","Input"
"2196",2196,2196,709972,710042,70,"n","n",1634,261,"n","Input"
"2197",2197,2197,710054,710136,82,"d","d",1635,261,"d","Input"
"2198",2198,2198,710150,710252,102,"Space","Space",1636,261," ","Input"
"2199",2199,2199,710222,710309,87,"d","d",1637,262,"d","Input"
"2200",2200,2200,710292,710386,94,"o","o",1638,262,"o","Input"
"2201",2201,2201,710358,710410,52,"n","n",1639,262,"n","Input"
"2202",2202,2202,710506,710570,64,"'","'",1640,262,"'","Input"
"2203",2203,2203,710606,710705,99,"t","t",1641,262,"t","Input"
"2204",2204,2204,710732,710822,90,"Space","Space",1642,262," ","Input"
"2205",2205,2205,710757,710839,82,"l","l",1643,263,"l","Input"
"2206",2206,2206,710821,710883,62,"i","i",1644,263,"i","Input"
"2207",2207,2207,710979,711017,38,"k","k",1645,263,"k","Input"
"2208",2208,2208,711032,711104,72,"e","e",1646,263,"e","Input"
"2209",2209,2209,711210,711276,66,".",".",1647,263,".","Input"
"2210",2210,2210,711508,711562,54,"Space","Space",1648,263," ","Input"
"2211",2211,2211,714531,714531,0,"Shift","Shift",1648,263,"NoChange","Nonproduction"
"2212",2212,2212,714651,714768,117,"T","t",1649,264,"T","Input"
"2213",2213,2213,714843,714957,114,"h","h",1650,264,"h","Input"
"2214",2214,2214,714894,714988,94,"i","i",1651,264,"i","Input"
"2215",2215,2215,714977,715055,78,"s","s",1652,264,"s","Input"
"2216",2216,2216,715062,715194,132,"Space","Space",1653,264," ","Input"
"2217",2217,2217,715168,715240,72,"m","m",1654,265,"m","Input"
"2218",2218,2218,715216,715288,72,"i","i",1655,265,"i","Input"
"2219",2219,2219,715287,715366,79,"g","g",1656,265,"g","Input"
"2220",2220,2220,715381,715431,50,"h","h",1657,265,"h","Input"
"2221",2221,2221,715468,715527,59,"t","t",1658,265,"t","Input"
"2222",2222,2222,715570,715655,85,"Space","Space",1659,265," ","Input"
"2223",2223,2223,715666,715725,59,"b","b",1660,266,"b","Input"
"2224",2224,2224,715838,715916,78,"e","e",1661,266,"e","Input"
"2225",2225,2225,715981,716051,70,"Space","Space",1662,266," ","Input"
"2226",2226,2226,716049,716183,134,"t","t",1663,267,"t","Input"
"2227",2227,2227,716130,716219,89,"r","r",1664,267,"r","Input"
"2228",2228,2228,716209,716276,67,"u","u",1665,267,"u","Input"
"2229",2229,2229,716362,716407,45,"e","e",1666,267,"e","Input"
"2230",2230,2230,716551,716644,93,"Space","Space",1667,267," ","Input"
"2231",2231,2231,716864,717019,155,"o","o",1668,268,"o","Input"
"2232",2232,2232,716975,717048,73,"n","n",1669,268,"n","Input"
"2233",2233,2233,717142,717245,103,"Space","Space",1670,268," ","Input"
"2234",2234,2234,717318,717384,66,"a","a",1671,269,"a","Input"
"2235",2235,2235,717410,717521,111,"Space","Space",1672,269," ","Input"
"2236",2236,2236,717748,717815,67,"v","v",1673,270,"v","Input"
"2237",2237,2237,717908,718017,109,"e","e",1674,270,"e","Input"
"2238",2238,2238,717985,718056,71,"r","r",1675,270,"r","Input"
"2239",2239,2239,718060,718138,78,"y","y",1676,270,"y","Input"
"2240",2240,2240,718219,718311,92,"Space","Space",1677,270," ","Input"
"2241",2241,2241,718469,718540,71,"s","s",1678,271,"s","Input"
"2242",2242,2242,718653,718770,117,"u","u",1679,271,"u","Input"
"2243",2243,2243,718733,718819,86,"p","p",1680,271,"p","Input"
"2244",2244,2244,718874,718999,125,"e","e",1681,271,"e","Input"
"2245",2245,2245,718975,719057,82,"r","r",1682,271,"r","Input"
"2246",2246,2246,719511,719570,59,"f","f",1683,271,"f","Input"
"2247",2247,2247,719590,719652,62,"i","i",1684,271,"i","Input"
"2248",2248,2248,719697,719769,72,"c","c",1685,271,"c","Input"
"2249",2249,2249,719762,719810,48,"i","i",1686,271,"i","Input"
"2250",2250,2250,719842,719931,89,"a","a",1687,271,"a","Input"
"2251",2251,2251,719946,720032,86,"l","l",1688,271,"l","Input"
"2252",2252,2252,720143,720262,119,"Space","Space",1689,271," ","Input"
"2253",2253,2253,720387,720478,91,"l","l",1690,272,"l","Input"
"2254",2254,2254,720579,720663,84,"e","e",1691,272,"e","Input"
"2255",2255,2255,720715,720827,112,"v","v",1692,272,"v","Input"
"2256",2256,2256,720790,720889,99,"e","e",1693,272,"e","Input"
"2257",2257,2257,720931,721012,81,"l","l",1694,272,"l","Input"
"2258",2258,2258,722348,722426,78,",",",",1695,272,",","Input"
"2259",2259,2259,722659,722721,62,"Space","Space",1696,272," ","Input"
"2260",2260,2260,723897,723994,97,"b","b",1697,273,"b","Input"
"2261",2261,2261,724004,724074,70,"u","u",1698,273,"u","Input"
"2262",2262,2262,724151,724213,62,"t","t",1699,273,"t","Input"
"2263",2263,2263,726586,726692,106,"Space","Space",1700,273," ","Input"
"2264",2264,2264,728110,728214,104,"s","s",1701,274,"s","Input"
"2265",2265,2265,728184,728295,111,"i","i",1702,274,"i","Input"
"2266",2266,2266,728253,728308,55,"n","n",1703,274,"n","Input"
"2267",2267,2267,728292,728373,81,"c","c",1704,274,"c","Input"
"2268",2268,2268,728325,728426,101,"e","e",1705,274,"e","Input"
"2269",2269,2269,728460,728537,77,"Space","Space",1706,274," ","Input"
"2270",2270,2270,728492,728582,90,"w","w",1707,275,"w","Input"
"2271",2271,2271,728622,728688,66,"h","h",1708,275,"h","Input"
"2272",2272,2272,728660,728734,74,"e","e",1709,275,"e","Input"
"2273",2273,2273,728801,728868,67,"n","n",1710,275,"n","Input"
"2274",2274,2274,728985,729051,66,"Space","Space",1711,275," ","Input"
"2275",2275,2275,729872,729917,45,"d","d",1712,276,"d","Input"
"2276",2276,2276,729929,730001,72,"i","i",1713,276,"i","Input"
"2277",2277,2277,730057,730120,63,"d","d",1714,276,"d","Input"
"2278",2278,2278,730294,730391,97,"Space","Space",1715,276," ","Input"
"2279",2279,2279,733956,734083,127,"s","s",1716,277,"s","Input"
"2280",2280,2280,734097,734182,85,"e","e",1717,277,"e","Input"
"2281",2281,2281,734224,734311,87,"l","l",1718,277,"l","Input"
"2282",2282,2282,734644,734720,76,"f","f",1719,277,"f","Input"
"2283",2283,2283,734812,734871,59,"-","-",1720,277,"-","Input"
"2284",2284,2284,735187,735227,40,"e","e",1721,277,"e","Input"
"2285",2285,2285,735428,735502,74,"x","x",1722,277,"x","Input"
"2286",2286,2286,735540,735618,78,"p","p",1723,277,"p","Input"
"2287",2287,2287,735692,735814,122,"r","r",1724,277,"r","Input"
"2288",2288,2288,735759,735905,146,"e","e",1725,277,"e","Input"
"2289",2289,2289,735870,735936,66,"s","s",1726,277,"s","Input"
"2290",2290,2290,736016,736114,98,"s","s",1727,277,"s","Input"
"2291",2291,2291,736111,736285,174,"i","i",1728,277,"i","Input"
"2292",2292,2292,736171,736287,116,"o","o",1729,277,"o","Input"
"2293",2293,2293,736238,736312,74,"n","n",1730,277,"n","Input"
"2294",2294,2294,736389,736496,107,"Space","Space",1731,277," ","Input"
"2295",2295,2295,736487,736553,66,"h","h",1732,278,"h","Input"
"2296",2296,2296,736517,736670,153,"a","a",1733,278,"a","Input"
"2297",2297,2297,736612,736709,97,"v","v",1734,278,"v","Input"
"2298",2298,2298,736669,736780,111,"e","e",1735,278,"e","Input"
"2299",2299,2299,736847,736958,111,"Space","Space",1736,278," ","Input"
"2300",2300,2300,736997,737058,61,"t","t",1737,279,"t","Input"
"2301",2301,2301,737051,737174,123,"o","o",1738,279,"o","Input"
"2302",2302,2302,737180,737290,110,"Space","Space",1739,279," ","Input"
"2303",2303,2303,737439,737517,78,"d","d",1740,280,"d","Input"
"2304",2304,2304,737524,737641,117,"o","o",1741,280,"o","Input"
"2305",2305,2305,737661,737766,105,"Space","Space",1742,280," ","Input"
"2306",2306,2306,737781,737866,85,"w","w",1743,281,"w","Input"
"2307",2307,2307,737919,737988,69,"h","h",1744,281,"h","Input"
"2308",2308,2308,738039,738175,136,"a","a",1745,281,"a","Input"
"2309",2309,2309,738147,738229,82,"t","t",1746,281,"t","Input"
"2310",2310,2310,743604,743664,60,"Backspace","Backspace",1745,281,"t","Remove/Cut"
"2311",2311,2311,743753,743811,58,"Backspace","Backspace",1744,281,"a","Remove/Cut"
"2312",2312,2312,743883,743949,66,"Backspace","Backspace",1743,281,"h","Remove/Cut"
"2313",2313,2313,744158,744239,81,"i","i",1744,281,"i","Input"
"2314",2314,2314,744291,744342,51,"w","w",1745,281,"w","Input"
"2315",2315,2315,744573,744646,73,"t","t",1746,281,"t","Input"
"2316",2316,2316,744727,744754,27,"h","h",1747,281,"h","Input"
"2317",2317,2317,744907,744968,61,"Backspace","Backspace",1746,281,"h","Remove/Cut"
"2318",2318,2318,745056,745107,51,"Backspace","Backspace",1745,281,"t","Remove/Cut"
"2319",2319,2319,745179,745243,64,"Backspace","Backspace",1744,281,"w","Remove/Cut"
"2320",2320,2320,745312,745408,96,"t","t",1745,281,"t","Input"
"2321",2321,2321,745382,745439,57,"h","h",1746,281,"h","Input"
"2322",2322,2322,745520,745588,68,"w","w",1747,281,"w","Input"
"2323",2323,2323,745571,745657,86,"Space","Space",1748,281," ","Input"
"2324",2324,2324,745818,745880,62,"h","h",1749,282,"h","Input"
"2325",2325,2325,746054,746113,59,"Backspace","Backspace",1748,281,"h","Remove/Cut"
"2326",2326,2326,746204,746258,54,"Backspace","Backspace",1747,281," ","Remove/Cut"
"2327",2327,2327,746333,746397,64,"Backspace","Backspace",1746,281,"w","Remove/Cut"
"2328",2328,2328,746518,746612,94,"Space","Space",1747,281," ","Input"
"2329",2329,2329,746653,746718,65,"w","w",1748,282,"w","Input"
"2330",2330,2330,746710,746782,72,"h","h",1749,282,"h","Input"
"2331",2331,2331,746832,746966,134,"a","a",1750,282,"a","Input"
"2332",2332,2332,746917,746994,77,"t","t",1751,282,"t","Input"
"2333",2333,2333,746973,747074,101,"Space","Space",1752,282," ","Input"
"2334",2334,2334,747028,747116,88,"i","i",1753,283,"i","Input"
"2335",2335,2335,747115,747236,121,"s","s",1754,283,"s","Input"
"2336",2336,2336,747233,747309,76,"Space","Space",1755,283," ","Input"
"2337",2337,2337,747276,747411,135,"o","o",1756,284,"o","Input"
"2338",2338,2338,747342,747413,71,"n","n",1757,284,"n","Input"
"2339",2339,2339,747447,747512,65,"Space","Space",1758,284," ","Input"
"2340",2340,2340,747504,747620,116,"t","t",1759,285,"t","Input"
"2341",2341,2341,747562,747618,56,"h","h",1760,285,"h","Input"
"2342",2342,2342,747631,747722,91,"e","e",1761,285,"e","Input"
"2343",2343,2343,747773,747877,104,"Space","Space",1762,285," ","Input"
"2344",2344,2344,747846,747925,79,"o","o",1763,286,"o","Input"
"2345",2345,2345,747945,748032,87,"u","u",1764,286,"u","Input"
"2346",2346,2346,748124,748223,99,"t","t",1765,286,"t","Input"
"2347",2347,2347,748547,748655,108,"s","s",1766,286,"s","Input"
"2348",2348,2348,748641,748719,78,"i","i",1767,286,"i","Input"
"2349",2349,2349,748718,748808,90,"d","d",1768,286,"d","Input"
"2350",2350,2350,748928,749007,79,"e","e",1769,286,"e","Input"
"2351",2351,2351,752526,756854,4328,"Leftclick","Leftclick",1769,286,"NoChange","Nonproduction"
"2352",2352,2352,757147,757285,138,"s","s",1701,274,"since when did self-expression have to do with what is on the outside => s","Replace"
"2353",2353,2353,757234,757318,84,"e","e",1702,274,"e","Input"
"2354",2354,2354,757321,757419,98,"l","l",1703,274,"l","Input"
"2355",2355,2355,757471,757570,99,"f","f",1704,274,"f","Input"
"2356",2356,2356,757894,757944,50,"-","-",1705,274,"-","Input"
"2357",2357,2357,757978,758044,66,"e","e",1706,274,"e","Input"
"2358",2358,2358,758199,758281,82,"x","x",1707,274,"x","Input"
"2359",2359,2359,758343,758424,81,"p","p",1708,274,"p","Input"
"2360",2360,2360,758523,758640,117,"r","r",1709,274,"r","Input"
"2361",2361,2361,758591,758695,104,"e","e",1710,274,"e","Input"
"2362",2362,2362,758668,758740,72,"s","s",1711,274,"s","Input"
"2363",2363,2363,758786,758892,106,"s","s",1712,274,"s","Input"
"2364",2364,2364,759000,759055,55,"s","s",1713,274,"s","Input"
"2365",2365,2365,759311,759365,54,"Backspace","Backspace",1712,274,"s","Remove/Cut"
"2366",2366,2366,759561,759754,193,"i","i",1713,274,"i","Input"
"2367",2367,2367,759622,759771,149,"o","o",1714,274,"o","Input"
"2368",2368,2368,759696,759794,98,"n","n",1715,274,"n","Input"
"2369",2369,2369,759872,759984,112,"Space","Space",1716,274," ","Input"
"2370",2370,2370,759953,760023,70,"i","i",1717,275,"i","Input"
"2371",2371,2371,760057,760143,86,"s","s",1718,275,"s","Input"
"2372",2372,2372,760167,760276,109,"Space","Space",1719,275," ","Input"
"2373",2373,2373,760239,760306,67,"n","n",1720,276,"n","Input"
"2374",2374,2374,760273,760365,92,"o","o",1721,276,"o","Input"
"2375",2375,2375,760399,760468,69,"t","t",1722,276,"t","Input"
"2376",2376,2376,764070,764168,98,"Space","Space",1723,276," ","Input"
"2377",2377,2377,764215,764283,68,"d","d",1724,277,"d","Input"
"2378",2378,2378,764400,764525,125,"e","e",1725,277,"e","Input"
"2379",2379,2379,764476,764613,137,"s","s",1726,277,"s","Input"
"2380",2380,2380,764611,764689,78,"i","i",1727,277,"i","Input"
"2381",2381,2381,764767,764830,63,"g","g",1728,277,"g","Input"
"2382",2382,2382,764863,764945,82,"n","n",1729,277,"n","Input"
"2383",2383,2383,764978,765043,65,"e","e",1730,277,"e","Input"
"2384",2384,2384,765145,765233,88,"d","d",1731,277,"d","Input"
"2385",2385,2385,765719,765869,150,"Space","Space",1732,277," ","Input"
"2386",2386,2386,765977,766050,73,"t","t",1733,278,"t","Input"
"2387",2387,2387,766009,766088,79,"o","o",1734,278,"o","Input"
"2388",2388,2388,766141,766224,83,"Space","Space",1735,278," ","Input"
"2389",2389,2389,766189,766295,106,"p","p",1736,279,"p","Input"
"2390",2390,2390,766284,766340,56,"u","u",1737,279,"u","Input"
"2391",2391,2391,766328,766402,74,"t","t",1738,279,"t","Input"
"2392",2392,2392,766448,766558,110,"Space","Space",1739,279," ","Input"
"2393",2393,2393,766481,766601,120,"p","p",1740,280,"p","Input"
"2394",2394,2394,766607,766666,59,"u","u",1741,280,"u","Input"
"2395",2395,2395,766889,766945,56,"Backspace","Backspace",1740,280,"u","Remove/Cut"
"2396",2396,2396,767015,767059,44,"Backspace","Backspace",1739,279,"p","Remove/Cut"
"2397",2397,2397,767223,767307,84,"o","o",1740,280,"o","Input"
"2398",2398,2398,767325,767408,83,"t","t",1741,280,"t","Input"
"2399",2399,2399,767386,767457,71,"h","h",1742,280,"h","Input"
"2400",2400,2400,767475,767590,115,"e","e",1743,280,"e","Input"
"2401",2401,2401,767568,767642,74,"r","r",1744,280,"r","Input"
"2402",2402,2402,767920,768013,93,"s","s",1745,280,"s","Input"
"2403",2403,2403,768091,768190,99,"Space","Space",1746,280," ","Input"
"2404",2404,2404,768162,768235,73,"d","d",1747,281,"d","Input"
"2405",2405,2405,768250,768324,74,"o","o",1748,281,"o","Input"
"2406",2406,2406,768322,768408,86,"w","w",1749,281,"w","Input"
"2407",2407,2407,768416,768497,81,"n","n",1750,281,"n","Input"
"2408",2408,2408,768744,768829,85,".",".",1751,281,".","Input"
"2409",2409,2409,769109,769181,72,"Space","Space",1752,281," ","Input"
"2410",2410,2410,770957,770957,0,"Shift","Shift",1752,281,"NoChange","Nonproduction"
"2411",2411,2411,771189,771296,107,"M","m",1753,282,"M","Input"
"2412",2412,2412,771381,771486,105,"a","a",1754,282,"a","Input"
"2413",2413,2413,771564,771654,90,"t","t",1755,282,"t","Input"
"2414",2414,2414,771663,771757,94,"e","e",1756,282,"e","Input"
"2415",2415,2415,771960,772027,67,"Backspace","Backspace",1755,282,"e","Remove/Cut"
"2416",2416,2416,772120,772186,66,"Backspace","Backspace",1754,282,"t","Remove/Cut"
"2417",2417,2417,772273,772336,63,"Backspace","Backspace",1753,282,"a","Remove/Cut"
"2418",2418,2418,772408,772470,62,"Backspace","Backspace",1752,281,"M","Remove/Cut"
"2419",2419,2419,772728,772728,0,"Shift","Shift",1752,281,"NoChange","Nonproduction"
"2420",2420,2420,772787,772882,95,"O","o",1753,282,"O","Input"
"2421",2421,2421,772934,772997,63,"n","n",1754,282,"n","Input"
"2422",2422,2422,773069,773141,72,"e","e",1755,282,"e","Input"
"2423",2423,2423,773534,773586,52,"Space","Space",1756,282," ","Input"
"2424",2424,2424,773556,773640,84,"o","o",1757,283,"o","Input"
"2425",2425,2425,773680,773760,80,"f","f",1758,283,"f","Input"
"2426",2426,2426,773770,773851,81,"Space","Space",1759,283," ","Input"
"2427",2427,2427,773897,773955,58,"t","t",1760,284,"t","Input"
"2428",2428,2428,773902,773987,85,"h","h",1761,284,"h","Input"
"2429",2429,2429,774089,774143,54,"e","e",1762,284,"e","Input"
"2430",2430,2430,774251,774387,136,"Space","Space",1763,284," ","Input"
"2431",2431,2431,774373,774446,73,"m","m",1764,285,"m","Input"
"2432",2432,2432,774463,774584,121,"a","a",1765,285,"a","Input"
"2433",2433,2433,774547,774683,136,"i","i",1766,285,"i","Input"
"2434",2434,2434,774626,774722,96,"n","n",1767,285,"n","Input"
"2435",2435,2435,777897,777984,87,"Space","Space",1768,285," ","Input"
"2436",2436,2436,782519,782584,65,"p","p",1769,286,"p","Input"
"2437",2437,2437,782781,782859,78,"r","r",1770,286,"r","Input"
"2438",2438,2438,782925,783019,94,"i","i",1771,286,"i","Input"
"2439",2439,2439,782967,783079,112,"o","o",1772,286,"o","Input"
"2440",2440,2440,783162,783265,103,"r","r",1773,286,"r","Input"
"2441",2441,2441,783285,783358,73,"i","i",1774,286,"i","Input"
"2442",2442,2442,783392,783495,103,"t","t",1775,286,"t","Input"
"2443",2443,2443,783489,783563,74,"i","i",1776,286,"i","Input"
"2444",2444,2444,783833,783892,59,"Backspace","Backspace",1775,286,"i","Remove/Cut"
"2445",2445,2445,784425,784496,71,"i","i",1776,286,"i","Input"
"2446",2446,2446,784554,784673,119,"e","e",1777,286,"e","Input"
"2447",2447,2447,784624,784727,103,"s","s",1778,286,"s","Input"
"2448",2448,2448,784719,784854,135,"Space","Space",1779,286," ","Input"
"2449",2449,2449,784827,784907,80,"o","o",1780,287,"o","Input"
"2450",2450,2450,785001,785064,63,"f","f",1781,287,"f","Input"
"2451",2451,2451,785543,785645,102,"Space","Space",1782,287," ","Input"
"2452",2452,2452,785680,785786,106,"m","m",1783,288,"m","Input"
"2453",2453,2453,785758,785843,85,"a","a",1784,288,"a","Input"
"2454",2454,2454,786328,786420,92,"t","t",1785,288,"t","Input"
"2455",2455,2455,786427,786578,151,"e","e",1786,288,"e","Input"
"2456",2456,2456,786556,786643,87,"r","r",1787,288,"r","Input"
"2457",2457,2457,786740,786817,77,"i","i",1788,288,"i","Input"
"2458",2458,2458,787025,787153,128,"a","a",1789,288,"a","Input"
"2459",2459,2459,787187,787333,146,"l","l",1790,288,"l","Input"
"2460",2460,2460,787341,787430,89,"i","i",1791,288,"i","Input"
"2461",2461,2461,787525,787635,110,"s","s",1792,288,"s","Input"
"2462",2462,2462,787665,787731,66,"m","m",1793,288,"m","Input"
"2463",2463,2463,787899,788007,108,"Space","Space",1794,288," ","Input"
"2464",2464,2464,788015,788097,82,"i","i",1795,289,"i","Input"
"2465",2465,2465,788183,788284,101,"s","s",1796,289,"s","Input"
"2466",2466,2466,788479,788601,122,"Space","Space",1797,289," ","Input"
"2467",2467,2467,788684,788788,104,"t","t",1798,290,"t","Input"
"2468",2468,2468,788761,788859,98,"o","o",1799,290,"o","Input"
"2469",2469,2469,788876,788976,100,"Space","Space",1800,290," ","Input"
"2470",2470,2470,789684,789732,48,"b","b",1801,291,"b","Input"
"2471",2471,2471,789917,789979,62,"e","e",1802,291,"e","Input"
"2472",2472,2472,790224,790347,123,"Space","Space",1803,291," ","Input"
"2473",2473,2473,791705,791818,113,"s","s",1804,292,"s","Input"
"2474",2474,2474,791767,791876,109,"e","e",1805,292,"e","Input"
"2475",2475,2475,791866,791926,60,"t","t",1806,292,"t","Input"
"2476",2476,2476,791994,792083,89,"Space","Space",1807,292," ","Input"
"2477",2477,2477,792054,792152,98,"a","a",1808,293,"a","Input"
"2478",2478,2478,792167,792243,76,"p","p",1809,293,"p","Input"
"2479",2479,2479,792289,792389,100,"a","a",1810,293,"a","Input"
"2480",2480,2480,792381,792460,79,"r","r",1811,293,"r","Input"
"2481",2481,2481,792539,792594,55,"t","t",1812,293,"t","Input"
"2482",2482,2482,792643,792765,122,"Space","Space",1813,293," ","Input"
"2483",2483,2483,792737,792813,76,"o","o",1814,294,"o","Input"
"2484",2484,2484,793016,793074,58,"r","r",1815,294,"r","Input"
"2485",2485,2485,793174,793308,134,"Space","Space",1816,294," ","Input"
"2486",2486,2486,794408,794540,132,"e","e",1817,295,"e","Input"
"2487",2487,2487,794512,794581,69,"s","s",1818,295,"s","Input"
"2488",2488,2488,794654,794774,120,"t","t",1819,295,"t","Input"
"2489",2489,2489,794750,794820,70,"e","e",1820,295,"e","Input"
"2490",2490,2490,794915,794978,63,"e","e",1821,295,"e","Input"
"2491",2491,2491,795057,795126,69,"m","m",1822,295,"m","Input"
"2492",2492,2492,795122,795181,59,"e","e",1823,295,"e","Input"
"2493",2493,2493,795523,795605,82,"d","d",1824,295,"d","Input"
"2494",2494,2494,796305,796430,125,"Space","Space",1825,295," ","Input"
"2495",2495,2495,796850,796960,110,"i","i",1826,296,"i","Input"
"2496",2496,2496,796902,796988,86,"n","n",1827,296,"n","Input"
"2497",2497,2497,797964,798072,108,"Space","Space",1828,296," ","Input"
"2498",2498,2498,798079,798181,102,"a","a",1829,297,"a","Input"
"2499",2499,2499,798201,798307,106,"Space","Space",1830,297," ","Input"
"2500",2500,2500,798333,798414,81,"h","h",1831,298,"h","Input"
"2501",2501,2501,798388,798457,69,"i","i",1832,298,"i","Input"
"2502",2502,2502,798456,798540,84,"g","g",1833,298,"g","Input"
"2503",2503,2503,798533,798616,83,"h","h",1834,298,"h","Input"
"2504",2504,2504,798649,798760,111,"e","e",1835,298,"e","Input"
"2505",2505,2505,798722,798791,69,"r","r",1836,298,"r","Input"
"2506",2506,2506,798829,798939,110,"Space","Space",1837,298," ","Input"
"2507",2507,2507,798938,799026,88,"r","r",1838,299,"r","Input"
"2508",2508,2508,798997,799071,74,"e","e",1839,299,"e","Input"
"2509",2509,2509,799209,799299,90,"g","g",1840,299,"g","Input"
"2510",2510,2510,799333,799473,140,"a","a",1841,299,"a","Input"
"2511",2511,2511,799448,799574,126,"r","r",1842,299,"r","Input"
"2512",2512,2512,799505,799626,121,"d","d",1843,299,"d","Input"
"2513",2513,2513,803330,803388,58,".",".",1844,299,".","Input"
"2514",2514,2514,803621,803673,52,"Space","Space",1845,299," ","Input"
"2515",2515,2515,803979,803979,0,"Shift","Shift",1845,299,"NoChange","Nonproduction"
"2516",2516,2516,804097,804210,113,"T","t",1846,300,"T","Input"
"2517",2517,2517,804224,804278,54,"h","h",1847,300,"h","Input"
"2518",2518,2518,804315,804442,127,"a","a",1848,300,"a","Input"
"2519",2519,2519,804368,804452,84,"t","t",1849,300,"t","Input"
"2520",2520,2520,804440,804532,92,"Space","Space",1850,300," ","Input"
"2521",2521,2521,804480,804559,79,"i","i",1851,301,"i","Input"
"2522",2522,2522,804537,804650,113,"s","s",1852,301,"s","Input"
"2523",2523,2523,804661,804753,92,"Space","Space",1853,301," ","Input"
"2524",2524,2524,804714,804797,83,"n","n",1854,302,"n","Input"
"2525",2525,2525,804760,804862,102,"o","o",1855,302,"o","Input"
"2526",2526,2526,804861,804939,78,"t","t",1856,302,"t","Input"
"2527",2527,2527,804997,805109,112,"Space","Space",1857,302," ","Input"
"2528",2528,2528,805664,805777,113,"s","s",1858,303,"s","Input"
"2529",2529,2529,805732,805821,89,"e","e",1859,303,"e","Input"
"2530",2530,2530,805829,805898,69,"l","l",1860,303,"l","Input"
"2531",2531,2531,805991,806036,45,"f","f",1861,303,"f","Input"
"2532",2532,2532,806552,806635,83,"-","-",1862,303,"-","Input"
"2533",2533,2533,806851,806919,68,"e","e",1863,303,"e","Input"
"2534",2534,2534,807077,807143,66,"x","x",1864,303,"x","Input"
"2535",2535,2535,807218,807295,77,"p","p",1865,303,"p","Input"
"2536",2536,2536,807359,807457,98,"r","r",1866,303,"r","Input"
"2537",2537,2537,807430,807546,116,"e","e",1867,303,"e","Input"
"2538",2538,2538,807533,807596,63,"s","s",1868,303,"s","Input"
"2539",2539,2539,807696,807766,70,"s","s",1869,303,"s","Input"
"2540",2540,2540,807846,808055,209,"i","i",1870,303,"i","Input"
"2541",2541,2541,807911,808058,147,"o","o",1871,303,"o","Input"
"2542",2542,2542,807969,808073,104,"n","n",1872,303,"n","Input"
"2543",2543,2543,808704,808781,77,",",",",1873,303,",","Input"
"2544",2544,2544,808996,809040,44,"Space","Space",1874,303," ","Input"
"2545",2545,2545,809278,809395,117,"a","a",1875,304,"a","Input"
"2546",2546,2546,809326,809447,121,"s","s",1876,304,"s","Input"
"2547",2547,2547,810086,810120,34,"Backspace","Backspace",1875,304,"s","Remove/Cut"
"2548",2548,2548,810213,810283,70,"Backspace","Backspace",1874,303,"a","Remove/Cut"
"2549",2549,2549,811239,811330,91,"t","t",1875,304,"t","Input"
"2550",2550,2550,811293,811353,60,"h","h",1876,304,"h","Input"
"2551",2551,2551,811367,811491,124,"a","a",1877,304,"a","Input"
"2552",2552,2552,811424,811526,102,"t","t",1878,304,"t","Input"
"2553",2553,2553,811525,811628,103,"Space","Space",1879,304," ","Input"
"2554",2554,2554,811584,811672,88,"i","i",1880,305,"i","Input"
"2555",2555,2555,811661,811753,92,"s","s",1881,305,"s","Input"
"2556",2556,2556,811768,811881,113,"Space","Space",1882,305," ","Input"
"2557",2557,2557,826430,827854,1424,"Leftclick","Leftclick",1750,305,"NoChange","Nonproduction"
"2558",2558,2558,828358,828407,49,"g","g",1720,300,"not designed to put others down => g","Replace"
"2559",2559,2559,828638,828696,58,"Backspace","Backspace",1719,299,"g","Remove/Cut"
"2560",2560,2560,828784,828829,45,"Backspace","Backspace",1718,299," ","Remove/Cut"
"2561",2561,2561,828906,828979,73,"Backspace","Backspace",1717,299,"s","Remove/Cut"
"2562",2562,2562,829291,829340,49,"Backspace","Backspace",1716,298,"i","Remove/Cut"
"2563",2563,2563,829467,829520,53,"g","g",1717,299,"g","Input"
"2564",2564,2564,829519,829603,84,"o","o",1718,299,"o","Input"
"2565",2565,2565,829631,829738,107,"e","e",1719,299,"e","Input"
"2566",2566,2566,829706,829779,73,"s","s",1720,299,"s","Input"
"2567",2567,2567,829793,829895,102,"Space","Space",1721,299," ","Input"
"2568",2568,2568,829905,829992,87,"s","s",1722,300,"s","Input"
"2569",2569,2569,830008,830098,90,"o","o",1723,300,"o","Input"
"2570",2570,2570,830141,830222,81,"Space","Space",1724,300," ","Input"
"2571",2571,2571,830219,830309,90,"m","m",1725,301,"m","Input"
"2572",2572,2572,830435,830479,44,"u","u",1726,301,"u","Input"
"2573",2573,2573,830564,830659,95,"c","c",1727,301,"c","Input"
"2574",2574,2574,830631,830674,43,"h","h",1728,301,"h","Input"
"2575",2575,2575,830768,830870,102,"Space","Space",1729,301," ","Input"
"2576",2576,2576,830915,830956,41,"b","b",1730,302,"b","Input"
"2577",2577,2577,831051,831113,62,"e","e",1731,302,"e","Input"
"2578",2578,2578,831101,831143,42,"y","y",1732,302,"y","Input"
"2579",2579,2579,831232,831367,135,"o","o",1733,302,"o","Input"
"2580",2580,2580,831292,831407,115,"n","n",1734,302,"n","Input"
"2581",2581,2581,831406,831494,88,"d","d",1735,302,"d","Input"
"2582",2582,2582,832117,832222,105,"Space","Space",1736,302," ","Input"
"2583",2583,2583,832529,832607,78,"w","w",1737,303,"w","Input"
"2584",2584,2584,832591,832666,75,"h","h",1738,303,"h","Input"
"2585",2585,2585,832673,832796,123,"a","a",1739,303,"a","Input"
"2586",2586,2586,832756,832841,85,"t","t",1740,303,"t","Input"
"2587",2587,2587,832849,832966,117,"Space","Space",1741,303," ","Input"
"2588",2588,2588,832964,833012,48,"i","i",1742,304,"i","Input"
"2589",2589,2589,833453,833522,69,"Backspace","Backspace",1741,303,"i","Remove/Cut"
"2590",2590,2590,833596,833665,69,"Backspace","Backspace",1740,303," ","Remove/Cut"
"2591",2591,2591,833740,833815,75,"Backspace","Backspace",1739,303,"t","Remove/Cut"
"2592",2592,2592,833882,833952,70,"Backspace","Backspace",1738,303,"a","Remove/Cut"
"2593",2593,2593,834020,834072,52,"Backspace","Backspace",1737,303,"h","Remove/Cut"
"2594",2594,2594,834372,834454,82,"Backspace","Backspace",1736,302,"w","Remove/Cut"
"2595",2595,2595,834549,834630,81,"t","t",1737,303,"t","Input"
"2596",2596,2596,834613,834662,49,"h","h",1738,303,"h","Input"
"2597",2597,2597,834676,834757,81,"e","e",1739,303,"e","Input"
"2598",2598,2598,834816,834898,82,"Space","Space",1740,303," ","Input"
"2599",2599,2599,834914,834968,54,"e","e",1741,304,"e","Input"
"2600",2600,2600,835122,835185,63,"x","x",1742,304,"x","Input"
"2601",2601,2601,835349,835415,66,"t","t",1743,304,"t","Input"
"2602",2602,2602,835448,835562,114,"e","e",1744,304,"e","Input"
"2603",2603,2603,835539,835614,75,"r","r",1745,304,"r","Input"
"2604",2604,2604,835627,835691,64,"n","n",1746,304,"n","Input"
"2605",2605,2605,835712,835810,98,"a","a",1747,304,"a","Input"
"2606",2606,2606,835805,835890,85,"l","l",1748,304,"l","Input"
"2607",2607,2607,835954,836072,118,"Space","Space",1749,304," ","Input"
"2608",2608,2608,836709,836790,81,"a","a",1750,305,"a","Input"
"2609",2609,2609,836891,836961,70,"p","p",1751,305,"p","Input"
"2610",2610,2610,837032,837096,64,"p","p",1752,305,"p","Input"
"2611",2611,2611,837244,837306,62,"e","e",1753,305,"e","Input"
"2612",2612,2612,837455,837556,101,"a","a",1754,305,"a","Input"
"2613",2613,2613,837611,837655,44,"r","r",1755,305,"r","Input"
"2614",2614,2614,837950,838093,143,"a","a",1756,305,"a","Input"
"2615",2615,2615,838137,838185,48,"c","c",1757,305,"c","Input"
"2616",2616,2616,838318,838369,51,"n","n",1758,305,"n","Input"
"2617",2617,2617,838525,838575,50,"Backspace","Backspace",1757,305,"n","Remove/Cut"
"2618",2618,2618,838641,838696,55,"Backspace","Backspace",1756,305,"c","Remove/Cut"
"2619",2619,2619,838811,838893,82,"n","n",1757,305,"n","Input"
"2620",2620,2620,838932,839031,99,"c","c",1758,305,"c","Input"
"2621",2621,2621,838974,839083,109,"e","e",1759,305,"e","Input"
"2622",2622,2622,840295,840363,68,"ArrowDown","ArrowDown",1862,305,"NoChange","Nonproduction"
"2623",2623,2623,840446,840505,59,"ArrowDown","ArrowDown",1891,305,"NoChange","Nonproduction"
"2624",2624,2624,840591,840654,63,"ArrowDown","ArrowDown",1891,305,"NoChange","Nonproduction"
"2625",2625,2625,843447,843531,84,"c","c",1892,306,"c","Input"
"2626",2626,2626,843772,843912,140,"r","r",1893,306,"r","Input"
"2627",2627,2627,843827,843932,105,"e","e",1894,306,"e","Input"
"2628",2628,2628,843931,844080,149,"a","a",1895,306,"a","Input"
"2629",2629,2629,844034,844105,71,"t","t",1896,306,"t","Input"
"2630",2630,2630,844112,844231,119,"i","i",1897,306,"i","Input"
"2631",2631,2631,844190,844242,52,"n","n",1898,306,"n","Input"
"2632",2632,2632,844259,844322,63,"g","g",1899,306,"g","Input"
"2633",2633,2633,844477,844590,113,"Space","Space",1900,306," ","Input"
"2634",2634,2634,845354,845451,97,"a","a",1901,307,"a","Input"
"2635",2635,2635,845413,845469,56,"n","n",1902,307,"n","Input"
"2636",2636,2636,845545,845651,106,"Space","Space",1903,307," ","Input"
"2637",2637,2637,845644,845731,87,"i","i",1904,308,"i","Input"
"2638",2638,2638,845722,845773,51,"l","l",1905,308,"l","Input"
"2639",2639,2639,845835,845894,59,"l","l",1906,308,"l","Input"
"2640",2640,2640,845999,846048,49,"u","u",1907,308,"u","Input"
"2641",2641,2641,846097,846182,85,"s","s",1908,308,"s","Input"
"2642",2642,2642,846181,846380,199,"i","i",1909,308,"i","Input"
"2643",2643,2643,846226,846383,157,"o","o",1910,308,"o","Input"
"2644",2644,2644,846306,846392,86,"n","n",1911,308,"n","Input"
"2645",2645,2645,847963,848110,147,"Space","Space",1912,308," ","Input"
"2646",2646,2646,848127,848232,105,"o","o",1913,309,"o","Input"
"2647",2647,2647,848309,848394,85,"r","r",1914,309,"r","Input"
"2648",2648,2648,848544,848686,142,"Space","Space",1915,309," ","Input"
"2649",2649,2649,851286,851371,85,"m","m",1916,310,"m","Input"
"2650",2650,2650,851437,851559,122,"a","a",1917,310,"a","Input"
"2651",2651,2651,851472,851586,114,"s","s",1918,310,"s","Input"
"2652",2652,2652,851576,851654,78,"k","k",1919,310,"k","Input"
"2653",2653,2653,851932,852056,124,"Space","Space",1920,310," ","Input"
"2654",2654,2654,852142,852221,79,"o","o",1921,311,"o","Input"
"2655",2655,2655,852263,852340,77,"r","r",1922,311,"r","Input"
"2656",2656,2656,852400,852493,93,"Space","Space",1923,311," ","Input"
"2657",2657,2657,852651,852752,101,"w","w",1924,312,"w","Input"
"2658",2658,2658,852759,852861,102,"h","h",1925,312,"h","Input"
"2659",2659,2659,852804,852908,104,"o","o",1926,312,"o","Input"
"2660",2660,2660,853382,853483,101,"Space","Space",1927,312," ","Input"
"2661",2661,2661,853635,853726,91,"y","y",1928,313,"y","Input"
"2662",2662,2662,853719,853869,150,"o","o",1929,313,"o","Input"
"2663",2663,2663,853818,853907,89,"u","u",1930,313,"u","Input"
"2664",2664,2664,853878,853977,99,"Space","Space",1931,313," ","Input"
"2665",2665,2665,853976,854093,117,"r","r",1932,314,"r","Input"
"2666",2666,2666,854017,854138,121,"e","e",1933,314,"e","Input"
"2667",2667,2667,854092,854213,121,"a","a",1934,314,"a","Input"
"2668",2668,2668,854132,854188,56,"l","l",1935,314,"l","Input"
"2669",2669,2669,854272,854344,72,"l","l",1936,314,"l","Input"
"2670",2670,2670,854474,854531,57,"y","y",1937,314,"y","Input"
"2671",2671,2671,854599,854666,67,"Space","Space",1938,314," ","Input"
"2672",2672,2672,854714,854813,99,"a","a",1939,315,"a","Input"
"2673",2673,2673,854786,854901,115,"r","r",1940,315,"r","Input"
"2674",2674,2674,854861,854959,98,"e","e",1941,315,"e","Input"
"2675",2675,2675,855226,855278,52,"Backspace","Backspace",1940,315,"e","Remove/Cut"
"2676",2676,2676,855347,855407,60,"Backspace","Backspace",1939,315,"r","Remove/Cut"
"2677",2677,2677,855461,855509,48,"Backspace","Backspace",1938,314,"a","Remove/Cut"
"2678",2678,2678,855571,855621,50,"Backspace","Backspace",1937,314," ","Remove/Cut"
"2679",2679,2679,855694,855756,62,"Backspace","Backspace",1936,314,"y","Remove/Cut"
"2680",2680,2680,855826,855882,56,"Backspace","Backspace",1935,314,"l","Remove/Cut"
"2681",2681,2681,855954,856014,60,"Backspace","Backspace",1934,314,"l","Remove/Cut"
"2682",2682,2682,856084,856148,64,"Backspace","Backspace",1933,314,"a","Remove/Cut"
"2683",2683,2683,856220,856277,57,"Backspace","Backspace",1932,314,"e","Remove/Cut"
"2684",2684,2684,856356,856422,66,"Backspace","Backspace",1931,313,"r","Remove/Cut"
"2685",2685,2685,856486,856548,62,"Backspace","Backspace",1930,313," ","Remove/Cut"
"2686",2686,2686,856630,856692,62,"Backspace","Backspace",1929,313,"u","Remove/Cut"
"2687",2687,2687,856777,856832,55,"Backspace","Backspace",1928,313,"o","Remove/Cut"
"2688",2688,2688,857150,857202,52,"Backspace","Backspace",1927,312,"y","Remove/Cut"
"2689",2689,2689,857293,857398,105,"t","t",1928,313,"t","Input"
"2690",2690,2690,857362,857397,35,"h","h",1929,313,"h","Input"
"2691",2691,2691,857431,857521,90,"e","e",1930,313,"e","Input"
"2692",2692,2692,857519,857636,117,"Space","Space",1931,313," ","Input"
"2693",2693,2693,857587,857727,140,"i","i",1932,314,"i","Input"
"2694",2694,2694,857695,857764,69,"n","n",1933,314,"n","Input"
"2695",2695,2695,857850,857921,71,"d","d",1934,314,"d","Input"
"2696",2696,2696,857968,858032,64,"i","i",1935,314,"i","Input"
"2697",2697,2697,858137,858205,68,"v","v",1936,314,"v","Input"
"2698",2698,2698,858255,858353,98,"i","i",1937,314,"i","Input"
"2699",2699,2699,858352,858426,74,"d","d",1938,314,"d","Input"
"2700",2700,2700,858445,858503,58,"u","u",1939,314,"u","Input"
"2701",2701,2701,858520,858609,89,"a","a",1940,314,"a","Input"
"2702",2702,2702,858759,858832,73,"Space","Space",1941,314," ","Input"
"2703",2703,2703,859101,859154,53,"Backspace","Backspace",1940,314," ","Remove/Cut"
"2704",2704,2704,859318,859403,85,"l","l",1941,314,"l","Input"
"2705",2705,2705,859466,859540,74,"Space","Space",1942,314," ","Input"
"2706",2706,2706,859506,859625,119,"r","r",1943,315,"r","Input"
"2707",2707,2707,859562,859664,102,"e","e",1944,315,"e","Input"
"2708",2708,2708,859616,859725,109,"a","a",1945,315,"a","Input"
"2709",2709,2709,859662,859710,48,"l","l",1946,315,"l","Input"
"2710",2710,2710,859782,859831,49,"l","l",1947,315,"l","Input"
"2711",2711,2711,859939,860011,72,"y","y",1948,315,"y","Input"
"2712",2712,2712,860073,860147,74,"Space","Space",1949,315," ","Input"
"2713",2713,2713,860128,860224,96,"i","i",1950,316,"i","Input"
"2714",2714,2714,860244,860344,100,"s","s",1951,316,"s","Input"
"2715",2715,2715,860358,860462,104,"Space","Space",1952,316," ","Input"
"2716",2716,2716,860410,860530,120,"o","o",1953,317,"o","Input"
"2717",2717,2717,860461,860530,69,"n","n",1954,317,"n","Input"
"2718",2718,2718,860572,860619,47,"Space","Space",1955,317," ","Input"
"2719",2719,2719,860585,860702,117,"t","t",1956,318,"t","Input"
"2720",2720,2720,860661,860705,44,"h","h",1957,318,"h","Input"
"2721",2721,2721,860694,860782,88,"e","e",1958,318,"e","Input"
"2722",2722,2722,860816,860907,91,"Space","Space",1959,318," ","Input"
"2723",2723,2723,860873,861004,131,"i","i",1960,319,"i","Input"
"2724",2724,2724,860931,861026,95,"n","n",1961,319,"n","Input"
"2725",2725,2725,861003,861123,120,"s","s",1962,319,"s","Input"
"2726",2726,2726,861176,861231,55,"i","i",1963,319,"i","Input"
"2727",2727,2727,861228,861309,81,"d","d",1964,319,"d","Input"
"2728",2728,2728,861413,861472,59,"e","e",1965,319,"e","Input"
"2729",2729,2729,861581,861643,62,".",".",1966,319,".","Input"
"2730",2730,2730,861831,861862,31,"Space","Space",1967,319," ","Input"
"2731",2731,2731,871460,871460,0,"Shift","Shift",1967,319,"NoChange","Nonproduction"
"2732",2732,2732,871565,871641,76,"S","s",1968,320,"S","Input"
"2733",2733,2733,871758,871791,33,"e","e",1969,320,"e","Input"
"2734",2734,2734,871862,871943,81,"l","l",1970,320,"l","Input"
"2735",2735,2735,872012,872155,143,"f","f",1971,320,"f","Input"
"2736",2736,2736,872740,872795,55,"-","-",1972,320,"-","Input"
"2737",2737,2737,872883,872920,37,"e","e",1973,320,"e","Input"
"2738",2738,2738,873128,873179,51,"x","x",1974,320,"x","Input"
"2739",2739,2739,873233,873315,82,"p","p",1975,320,"p","Input"
"2740",2740,2740,873387,873518,131,"r","r",1976,320,"r","Input"
"2741",2741,2741,873468,873576,108,"e","e",1977,320,"e","Input"
"2742",2742,2742,873554,873617,63,"s","s",1978,320,"s","Input"
"2743",2743,2743,873715,873796,81,"s","s",1979,320,"s","Input"
"2744",2744,2744,873875,874065,190,"i","i",1980,320,"i","Input"
"2745",2745,2745,873929,874070,141,"o","o",1981,320,"o","Input"
"2746",2746,2746,874003,874103,100,"n","n",1982,320,"n","Input"
"2747",2747,2747,874960,875079,119,"Space","Space",1983,320," ","Input"
"2748",2748,2748,875055,875135,80,"i","i",1984,321,"i","Input"
"2749",2749,2749,875141,875234,93,"s","s",1985,321,"s","Input"
"2750",2750,2750,875290,875369,79,"Space","Space",1986,321," ","Input"
"2751",2751,2751,875397,875528,131,"t","t",1987,322,"t","Input"
"2752",2752,2752,875474,875572,98,"r","r",1988,322,"r","Input"
"2753",2753,2753,875563,875622,59,"u","u",1989,322,"u","Input"
"2754",2754,2754,875716,875811,95,"l","l",1990,322,"l","Input"
"2755",2755,2755,875915,875980,65,"y","y",1991,322,"y","Input"
"2756",2756,2756,876181,876265,84,"Space","Space",1992,322," ","Input"
"2757",2757,2757,876352,876466,114,"f","f",1993,323,"f","Input"
"2758",2758,2758,876390,876503,113,"o","o",1994,323,"o","Input"
"2759",2759,2759,876463,876506,43,"u","u",1995,323,"u","Input"
"2760",2760,2760,876660,876717,57,"n","n",1996,323,"n","Input"
"2761",2761,2761,876751,876831,80,"d","d",1997,323,"d","Input"
"2762",2762,2762,877051,877147,96,"Space","Space",1998,323," ","Input"
"2763",2763,2763,877487,877564,77,"w","w",1999,324,"w","Input"
"2764",2764,2764,877571,877609,38,"h","h",2000,324,"h","Input"
"2765",2765,2765,877694,877752,58,"e","e",2001,324,"e","Input"
"2766",2766,2766,877750,877821,71,"n","n",2002,324,"n","Input"
"2767",2767,2767,877912,878009,97,"Space","Space",2003,324," ","Input"
"2768",2768,2768,878307,878377,70,"h","h",2004,325,"h","Input"
"2769",2769,2769,878352,878426,74,"u","u",2005,325,"u","Input"
"2770",2770,2770,878530,878589,59,"m","m",2006,325,"m","Input"
"2771",2771,2771,878668,878734,66,"a","a",2007,325,"a","Input"
"2772",2772,2772,878850,878895,45,"n","n",2008,325,"n","Input"
"2773",2773,2773,879134,879204,70,"s","s",2009,325,"s","Input"
"2774",2774,2774,879306,879412,106,"Space","Space",2010,325," ","Input"
"2775",2775,2775,879610,879684,74,"c","c",2011,326,"c","Input"
"2776",2776,2776,879722,879821,99,"a","a",2012,326,"a","Input"
"2777",2777,2777,879884,879971,87,"n","n",2013,326,"n","Input"
"2778",2778,2778,880303,880425,122,"Space","Space",2014,326," ","Input"
"2779",2779,2779,881041,881116,75,"c","c",2015,327,"c","Input"
"2780",2780,2780,881092,881195,103,"o","o",2016,327,"o","Input"
"2781",2781,2781,881182,881237,55,"m","m",2017,327,"m","Input"
"2782",2782,2782,881326,881370,44,"m","m",2018,327,"m","Input"
"2783",2783,2783,881507,881542,35,"u","u",2019,327,"u","Input"
"2784",2784,2784,881699,881790,91,"n","n",2020,327,"n","Input"
"2785",2785,2785,881768,881843,75,"i","i",2021,327,"i","Input"
"2786",2786,2786,881810,881908,98,"c","c",2022,327,"c","Input"
"2787",2787,2787,881979,882100,121,"a","a",2023,327,"a","Input"
"2788",2788,2788,882095,882234,139,"t","t",2024,327,"t","Input"
"2789",2789,2789,882196,882290,94,"e","e",2025,327,"e","Input"
"2790",2790,2790,882302,882404,102,"Space","Space",2026,327," ","Input"
"2791",2791,2791,882411,882492,81,"a","a",2027,328,"a","Input"
"2792",2792,2792,882469,882544,75,"n","n",2028,328,"n","Input"
"2793",2793,2793,882576,882660,84,"d","d",2029,328,"d","Input"
"2794",2794,2794,882668,882750,82,"Space","Space",2030,328," ","Input"
"2795",2795,2795,882703,882839,136,"i","i",2031,329,"i","Input"
"2796",2796,2796,882783,882865,82,"n","n",2032,329,"n","Input"
"2797",2797,2797,882852,882919,67,"t","t",2033,329,"t","Input"
"2798",2798,2798,882930,883040,110,"e","e",2034,329,"e","Input"
"2799",2799,2799,883038,883124,86,"r","r",2035,329,"r","Input"
"2800",2800,2800,883155,883243,88,"a","a",2036,329,"a","Input"
"2801",2801,2801,883292,883346,54,"l","l",2037,329,"l","Input"
"2802",2802,2802,883545,883585,40,"Backspace","Backspace",2036,329,"l","Remove/Cut"
"2803",2803,2803,883699,883777,78,"c","c",2037,329,"c","Input"
"2804",2804,2804,883938,883978,40,"t","t",2038,329,"t","Input"
"2805",2805,2805,884165,884260,95,"Space","Space",2039,329," ","Input"
"2806",2806,2806,885396,885485,89,"q","q",2040,330,"q","Input"
"2807",2807,2807,885516,885567,51,"u","u",2041,330,"u","Input"
"2808",2808,2808,885654,885753,99,"a","a",2042,330,"a","Input"
"2809",2809,2809,885751,885848,97,"l","l",2043,330,"l","Input"
"2810",2810,2810,885811,885909,98,"i","i",2044,330,"i","Input"
"2811",2811,2811,886007,886108,101,"t","t",2045,330,"t","Input"
"2812",2812,2812,886251,886359,108,"a","a",2046,330,"a","Input"
"2813",2813,2813,886483,886594,111,"t","t",2047,330,"t","Input"
"2814",2814,2814,887135,887208,73,"i","i",2048,330,"i","Input"
"2815",2815,2815,887406,887507,101,"v","v",2049,330,"v","Input"
"2816",2816,2816,887461,887570,109,"e","e",2050,330,"e","Input"
"2817",2817,2817,887569,887632,63,"l","l",2051,330,"l","Input"
"2818",2818,2818,887744,887805,61,"y","y",2052,330,"y","Input"
"2819",2819,2819,887904,887983,79,"Space","Space",2053,330," ","Input"
"2820",2820,2820,887980,888060,80,"w","w",2054,331,"w","Input"
"2821",2821,2821,888065,888144,79,"i","i",2055,331,"i","Input"
"2822",2822,2822,888179,888242,63,"t","t",2056,331,"t","Input"
"2823",2823,2823,888258,888305,47,"h","h",2057,331,"h","Input"
"2824",2824,2824,888535,888646,111,"Space","Space",2058,331," ","Input"
"2825",2825,2825,888645,888768,123,"o","o",2059,332,"o","Input"
"2826",2826,2826,888694,888804,110,"n","n",2060,332,"n","Input"
"2827",2827,2827,888827,888911,84,"e","e",2061,332,"e","Input"
"2828",2828,2828,888935,889031,96,"Space","Space",2062,332," ","Input"
"2829",2829,2829,889012,889116,104,"a","a",2063,333,"a","Input"
"2830",2830,2830,889086,889192,106,"n","n",2064,333,"n","Input"
"2831",2831,2831,889145,889251,106,"o","o",2065,333,"o","Input"
"2832",2832,2832,889228,889311,83,"t","t",2066,333,"t","Input"
"2833",2833,2833,889324,889390,66,"h","h",2067,333,"h","Input"
"2834",2834,2834,889363,889500,137,"e","e",2068,333,"e","Input"
"2835",2835,2835,889447,889535,88,"r","r",2069,333,"r","Input"
"2836",2836,2836,895563,895630,67,",",",",2070,333,",","Input"
"2837",2837,2837,895776,895857,81,"Space","Space",2071,333," ","Input"
"2838",2838,2838,895846,895929,83,"n","n",2072,334,"n","Input"
"2839",2839,2839,895894,895995,101,"o","o",2073,334,"o","Input"
"2840",2840,2840,896007,896110,103,"t","t",2074,334,"t","Input"
"2841",2841,2841,896135,896241,106,"Space","Space",2075,334," ","Input"
"2842",2842,2842,896240,896324,84,"w","w",2076,335,"w","Input"
"2843",2843,2843,896298,896373,75,"h","h",2077,335,"h","Input"
"2844",2844,2844,896429,896497,68,"e","e",2078,335,"e","Input"
"2845",2845,2845,896494,896561,67,"n","n",2079,335,"n","Input"
"2846",2846,2846,896696,896723,27,"Space","Space",2080,335," ","Input"
"2847",2847,2847,896772,896865,93,"t","t",2081,336,"t","Input"
"2848",2848,2848,896775,896850,75,"h","h",2082,336,"h","Input"
"2849",2849,2849,897082,897162,80,"e","e",2083,336,"e","Input"
"2850",2850,2850,897282,897341,59,"y","y",2084,336,"y","Input"
"2851",2851,2851,897629,897763,134,"Space","Space",2085,336," ","Input"
"2852",2852,2852,898679,898784,105,"w","w",2086,337,"w","Input"
"2853",2853,2853,898783,898888,105,"e","e",2087,337,"e","Input"
"2854",2854,2854,898938,899079,141,"a","a",2088,337,"a","Input"
"2855",2855,2855,899075,899163,88,"r","r",2089,337,"r","Input"
"2856",2856,2856,899224,899317,93,"Space","Space",2090,337," ","Input"
"2857",2857,2857,899315,899376,61,"o","o",2091,338,"o","Input"
"2858",2858,2858,899383,899451,68,"r","r",2092,338,"r","Input"
"2859",2859,2859,899491,899581,90,"Space","Space",2093,338," ","Input"
"2860",2860,2860,899540,899642,102,"p","p",2094,339,"p","Input"
"2861",2861,2861,899712,899814,102,"o","o",2095,339,"o","Input"
"2862",2862,2862,899876,899975,99,"s","s",2096,339,"s","Input"
"2863",2863,2863,900085,900172,87,"s","s",2097,339,"s","Input"
"2864",2864,2864,900278,900347,69,"e","e",2098,339,"e","Input"
"2865",2865,2865,900391,900472,81,"s","s",2099,339,"s","Input"
"2866",2866,2866,900591,900669,78,"s","s",2100,339,"s","Input"
"2867",2867,2867,900774,900889,115,"Space","Space",2101,339," ","Input"
"2868",2868,2868,900869,900976,107,"t","t",2102,340,"t","Input"
"2869",2869,2869,900953,901017,64,"h","h",2103,340,"h","Input"
"2870",2870,2870,900991,901159,168,"i","i",2104,340,"i","Input"
"2871",2871,2871,901093,901172,79,"n","n",2105,340,"n","Input"
"2872",2872,2872,901171,901248,77,"g","g",2106,340,"g","Input"
"2873",2873,2873,901196,901306,110,"s","s",2107,340,"s","Input"
"2874",2874,2874,901294,901385,91,"Space","Space",2108,340," ","Input"
"2875",2875,2875,901350,901432,82,"o","o",2109,341,"o","Input"
"2876",2876,2876,901444,901536,92,"f","f",2110,341,"f","Input"
"2877",2877,2877,901551,901633,82,"Space","Space",2111,341," ","Input"
"2878",2878,2878,901623,901682,59,"h","h",2112,342,"h","Input"
"2879",2879,2879,901644,901724,80,"i","i",2113,342,"i","Input"
"2880",2880,2880,901723,901768,45,"g","g",2114,342,"g","Input"
"2881",2881,2881,901814,901873,59,"h","h",2115,342,"h","Input"
"2882",2882,2882,902176,902294,118,"e","e",2116,342,"e","Input"
"2883",2883,2883,902273,902348,75,"r","r",2117,342,"r","Input"
"2884",2884,2884,902407,902510,103,"Space","Space",2118,342," ","Input"
"2885",2885,2885,902609,902681,72,"v","v",2119,343,"v","Input"
"2886",2886,2886,902639,902745,106,"a","a",2120,343,"a","Input"
"2887",2887,2887,902732,902755,23,"l","l",2121,343,"l","Input"
"2888",2888,2888,902841,902891,50,"u","u",2122,343,"u","Input"
"2889",2889,2889,902931,903001,70,"e","e",2123,343,"e","Input"
"2890",2890,2890,903107,903164,57,".",".",2124,343,".","Input"
"2891",2891,2891,903390,903434,44,"Space","Space",2125,343," ","Input"
"2892",2892,2892,941180,941256,76,"Leftclick","Leftclick",2069,343,"NoChange","Nonproduction"
"2893",2893,2893,942219,942280,61,".",".",2070,343,".","Input"
"2894",2894,2894,942876,942968,92,"Space","Space",2071,343," ","Input"
"2895",2895,2895,943164,943164,0,"Shift","Shift",2071,343,"NoChange","Nonproduction"
"2896",2896,2896,943221,943320,99,"S","s",2072,344,"S","Input"
"2897",2897,2897,943463,943564,101,"e","e",2073,344,"e","Input"
"2898",2898,2898,943787,943907,120,"l","l",2074,344,"l","Input"
"2899",2899,2899,943996,944089,93,"f","f",2075,344,"f","Input"
"2900",2900,2900,944227,944274,47,"-","-",2076,344,"-","Input"
"2901",2901,2901,944349,944403,54,"e","e",2077,344,"e","Input"
"2902",2902,2902,944548,944639,91,"x","x",2078,344,"x","Input"
"2903",2903,2903,944717,944787,70,"p","p",2079,344,"p","Input"
"2904",2904,2904,944843,944969,126,"r","r",2080,344,"r","Input"
"2905",2905,2905,944915,945039,124,"e","e",2081,344,"e","Input"
"2906",2906,2906,944998,945080,82,"s","s",2082,344,"s","Input"
"2907",2907,2907,945158,945243,85,"s","s",2083,344,"s","Input"
"2908",2908,2908,945292,945519,227,"i","i",2084,344,"i","Input"
"2909",2909,2909,945376,945522,146,"o","o",2085,344,"o","Input"
"2910",2910,2910,945462,945542,80,"n","n",2086,344,"n","Input"
"2911",2911,2911,948130,948220,90,"Space","Space",2087,344," ","Input"
"2912",2912,2912,956297,956385,88,"c","c",2088,345,"c","Input"
"2913",2913,2913,956355,956502,147,"o","o",2089,345,"o","Input"
"2914",2914,2914,956412,956511,99,"m","m",2090,345,"m","Input"
"2915",2915,2915,956555,956697,142,"e","e",2091,345,"e","Input"
"2916",2916,2916,956640,956800,160,"s","s",2092,345,"s","Input"
"2917",2917,2917,956722,956857,135,"Space","Space",2093,345," ","Input"
"2918",2918,2918,956785,956840,55,"o","o",2094,346,"o","Input"
"2919",2919,2919,956944,957009,65,"u","u",2095,346,"u","Input"
"2920",2920,2920,957073,957161,88,"t","t",2096,346,"t","Input"
"2921",2921,2921,957271,957380,109,"Space","Space",2097,346," ","Input"
"2922",2922,2922,957988,958098,110,"w","w",2098,347,"w","Input"
"2923",2923,2923,958106,958183,77,"h","h",2099,347,"h","Input"
"2924",2924,2924,958279,958381,102,"e","e",2100,347,"e","Input"
"2925",2925,2925,958380,958499,119,"n","n",2101,347,"n","Input"
"2926",2926,2926,958952,959050,98,"Space","Space",2102,347," ","Input"
"2927",2927,2927,960832,960917,85,"Backspace","Backspace",2101,347," ","Remove/Cut"
"2928",2928,2928,961022,961086,64,"Backspace","Backspace",2100,347,"n","Remove/Cut"
"2929",2929,2929,961114,961232,118,"Backspace","Backspace",2099,347,"e","Remove/Cut"
"2930",2930,2930,961286,961359,73,"Backspace","Backspace",2098,347,"h","Remove/Cut"
"2931",2931,2931,961475,961507,32,"Backspace","Backspace",2097,346,"w","Remove/Cut"
"2932",2932,2932,961790,961912,122,"i","i",2098,347,"i","Input"
"2933",2933,2933,961889,961943,54,"n","n",2099,347,"n","Input"
"2934",2934,2934,962017,962109,92,"Space","Space",2100,347," ","Input"
"2935",2935,2935,962103,962195,92,"h","h",2101,348,"h","Input"
"2936",2936,2936,962161,962273,112,"o","o",2102,348,"o","Input"
"2937",2937,2937,962376,962477,101,"w","w",2103,348,"w","Input"
"2938",2938,2938,962750,962853,103,"Space","Space",2104,348," ","Input"
"2939",2939,2939,962966,963075,109,"w","w",2105,349,"w","Input"
"2940",2940,2940,963073,963179,106,"e","e",2106,349,"e","Input"
"2941",2941,2941,963328,963434,106,"Space","Space",2107,349," ","Input"
"2942",2942,2942,964236,964277,41,"l","l",2108,350,"l","Input"
"2943",2943,2943,964401,964471,70,"o","o",2109,350,"o","Input"
"2944",2944,2944,964584,964687,103,"v","v",2110,350,"v","Input"
"2945",2945,2945,964652,964724,72,"e","e",2111,350,"e","Input"
"2946",2946,2946,964860,964949,89,"Space","Space",2112,350," ","Input"
"2947",2947,2947,964948,965033,85,"a","a",2113,351,"a","Input"
"2948",2948,2948,965041,965123,82,"n","n",2114,351,"n","Input"
"2949",2949,2949,965129,965198,69,"d","d",2115,351,"d","Input"
"2950",2950,2950,965276,965389,113,"Space","Space",2116,351," ","Input"
"2951",2951,2951,965396,965498,102,"c","c",2117,352,"c","Input"
"2952",2952,2952,965497,965605,108,"a","a",2118,352,"a","Input"
"2953",2953,2953,965676,965792,116,"r","r",2119,352,"r","Input"
"2954",2954,2954,965757,965842,85,"e","e",2120,352,"e","Input"
"2955",2955,2955,965909,966013,104,"Space","Space",2121,352," ","Input"
"2956",2956,2956,965965,966057,92,"f","f",2122,353,"f","Input"
"2957",2957,2957,966064,966136,72,"o","o",2123,353,"o","Input"
"2958",2958,2958,966163,966217,54,"r","r",2124,353,"r","Input"
"2959",2959,2959,966330,966462,132,"Space","Space",2125,353," ","Input"
"2960",2960,2960,966599,966704,105,"e","e",2126,354,"e","Input"
"2961",2961,2961,966701,966833,132,"a","a",2127,354,"a","Input"
"2962",2962,2962,966795,966893,98,"c","c",2128,354,"c","Input"
"2963",2963,2963,966854,966908,54,"h","h",2129,354,"h","Input"
"2964",2964,2964,966989,967085,96,"Space","Space",2130,354," ","Input"
"2965",2965,2965,967015,967099,84,"o","o",2131,355,"o","Input"
"2966",2966,2966,967095,967167,72,"t","t",2132,355,"t","Input"
"2967",2967,2967,967166,967231,65,"h","h",2133,355,"h","Input"
"2968",2968,2968,967239,967369,130,"e","e",2134,355,"e","Input"
"2969",2969,2969,967334,967408,74,"r","r",2135,355,"r","Input"
"2970",2970,2970,968646,968718,72,"Space","Space",2136,355," ","Input"
"2971",2971,2971,968907,968994,87,"a","a",2137,356,"a","Input"
"2972",2972,2972,968952,969005,53,"n","n",2138,356,"n","Input"
"2973",2973,2973,969092,969169,77,"d","d",2139,356,"d","Input"
"2974",2974,2974,969230,969365,135,"Space","Space",2140,356," ","Input"
"2975",2975,2975,969334,969405,71,"n","n",2141,357,"n","Input"
"2976",2976,2976,969364,969478,114,"o","o",2142,357,"o","Input"
"2977",2977,2977,969516,969612,96,"t","t",2143,357,"t","Input"
"2978",2978,2978,969637,969729,92,"Space","Space",2144,357," ","Input"
"2979",2979,2979,969678,969759,81,"o","o",2145,358,"o","Input"
"2980",2980,2980,969801,969879,78,"u","u",2146,358,"u","Input"
"2981",2981,2981,969917,969993,76,"r","r",2147,358,"r","Input"
"2982",2982,2982,970014,970149,135,"s","s",2148,358,"s","Input"
"2983",2983,2983,970111,970175,64,"e","e",2149,358,"e","Input"
"2984",2984,2984,970157,970274,117,"l","l",2150,358,"l","Input"
"2985",2985,2985,970396,970496,100,"v","v",2151,358,"v","Input"
"2986",2986,2986,970451,970593,142,"e","e",2152,358,"e","Input"
"2987",2987,2987,970538,970653,115,"s","s",2153,358,"s","Input"
"2988",2988,2988,973078,974239,1161,"Leftclick","Leftclick",2209,358,"NoChange","Nonproduction"
"2989",2989,2989,974463,974628,165,"Meta","Meta",2209,358,"NoChange","Nonproduction"
"2990",2990,2990,974628,974628,0,"x","x",2153,348,", not when they wear or possess things of higher value. ","Remove/Cut"
"2991",2991,2991,976415,976506,91,"Leftclick","Leftclick",2069,348,"NoChange","Nonproduction"
"2992",2992,2992,976608,976732,124,"Meta","Meta",2069,348,"NoChange","Nonproduction"
"2993",2993,2993,976732,976732,0,"v","v",2125,358,", not when they wear or possess things of higher value. ","Paste"
"2994",2994,2994,980179,980256,77,"Leftclick","Leftclick",2209,358,"NoChange","Nonproduction"
"2995",2995,2995,983627,983723,96,"Leftclick","Leftclick",2191,358,"NoChange","Nonproduction"
"2996",2996,2996,984268,984294,26,",",",",2192,358,",","Input"
"2997",2997,2997,984574,984666,92,"ArrowRight","ArrowRight",2193,358,"NoChange","Nonproduction"
"2998",2998,2998,984765,984823,58,"ArrowRight","ArrowRight",2194,358,"NoChange","Nonproduction"
"2999",2999,2999,984934,984992,58,"ArrowRight","ArrowRight",2195,358,"NoChange","Nonproduction"
"3000",3000,3000,985069,985146,77,"ArrowRight","ArrowRight",2196,358,"NoChange","Nonproduction"
"3001",3001,3001,985380,985426,46,"Backspace","Backspace",2195,358,"d","Remove/Cut"
"3002",3002,3002,985516,985581,65,"Backspace","Backspace",2194,358,"n","Remove/Cut"
"3003",3003,3003,985679,985755,76,"Backspace","Backspace",2193,357,"a","Remove/Cut"
"3004",3004,3004,986113,986160,47,"ArrowRight","ArrowRight",2194,357,"NoChange","Nonproduction"
"3005",3005,3005,986307,986380,73,"ArrowRight","ArrowRight",2195,357,"NoChange","Nonproduction"
"3006",3006,3006,986487,986540,53,"ArrowRight","ArrowRight",2196,357,"NoChange","Nonproduction"
"3007",3007,3007,987063,987155,92,"ArrowRight","ArrowRight",2197,357,"NoChange","Nonproduction"
"3008",3008,3008,987333,987399,66,"Backspace","Backspace",2196,357,"t","Remove/Cut"
"3009",3009,3009,987514,987553,39,"Backspace","Backspace",2195,357,"o","Remove/Cut"
"3010",3010,3010,987643,987674,31,"Backspace","Backspace",2194,356,"n","Remove/Cut"
"3011",3011,3011,987764,987807,43,"Backspace","Backspace",2193,356," ","Remove/Cut"
"3012",3012,3012,988021,988145,124,"r","r",2194,357,"r","Input"
"3013",3013,3013,988114,988235,121,"a","a",2195,357,"a","Input"
"3014",3014,3014,988249,988341,92,"t","t",2196,357,"t","Input"
"3015",3015,3015,988339,988395,56,"h","h",2197,357,"h","Input"
"3016",3016,3016,988390,988536,146,"e","e",2198,357,"e","Input"
"3017",3017,3017,988505,988592,87,"r","r",2199,357,"r","Input"
"3018",3018,3018,989220,989303,83,"Space","Space",2200,357," ","Input"
"3019",3019,3019,989314,989410,96,"t","t",2201,358,"t","Input"
"3020",3020,3020,989385,989433,48,"h","h",2202,358,"h","Input"
"3021",3021,3021,989445,989562,117,"a","a",2203,358,"a","Input"
"3022",3022,3022,989571,989631,60,"n","n",2204,358,"n","Input"
"3023",3023,3023,990975,991073,98,"Leftclick","Leftclick",2214,358,"NoChange","Nonproduction"
"3024",3024,3024,991620,991678,58,"a","a",2215,358,"a","Input"
"3025",3025,3025,991676,991724,48,"n","n",2216,358,"n","Input"
"3026",3026,3026,991952,992018,66,"Backspace","Backspace",2215,358,"n","Remove/Cut"
"3027",3027,3027,992152,992202,50,"Backspace","Backspace",2214,358,"a","Remove/Cut"
"3028",3028,3028,992484,992576,92,"Space","Space",2215,358," ","Input"
"3029",3029,3029,992682,992754,72,"a","a",2216,359,"a","Input"
"3030",3030,3030,992750,992831,81,"n","n",2217,359,"n","Input"
"3031",3031,3031,992852,992940,88,"d","d",2218,359,"d","Input"
"3032",3032,3032,992925,993048,123,"Space","Space",2219,359," ","Input"
"3033",3033,3033,993269,993313,44,"o","o",2220,360,"o","Input"
"3034",3034,3034,993387,993445,58,"u","u",2221,360,"u","Input"
"3035",3035,3035,993501,993596,95,"r","r",2222,360,"r","Input"
"3036",3036,3036,993633,993755,122,"Space","Space",2223,360," ","Input"
"3037",3037,3037,993717,993833,116,"i","i",2224,361,"i","Input"
"3038",3038,3038,993762,993865,103,"m","m",2225,361,"m","Input"
"3039",3039,3039,993864,993984,120,"a","a",2226,361,"a","Input"
"3040",3040,3040,993963,994051,88,"g","g",2227,361,"g","Input"
"3041",3041,3041,994014,994127,113,"e","e",2228,361,"e","Input"
"3042",3042,3042,994252,994377,125,"Space","Space",2229,361," ","Input"
"3043",3043,3043,994375,994473,98,"a","a",2230,362,"a","Input"
"3044",3044,3044,994467,994527,60,"n","n",2231,362,"n","Input"
"3045",3045,3045,994553,994637,84,"d","d",2232,362,"d","Input"
"3046",3046,3046,994646,994778,132,"Space","Space",2233,362," ","Input"
"3047",3047,3047,994845,994935,90,"p","p",2234,363,"p","Input"
"3048",3048,3048,994904,994999,95,"o","o",2235,363,"o","Input"
"3049",3049,3049,995247,995337,90,"s","s",2236,363,"s","Input"
"3050",3050,3050,995516,995601,85,"s","s",2237,363,"s","Input"
"3051",3051,3051,995891,996039,148,"e","e",2238,363,"e","Input"
"3052",3052,3052,995992,996091,99,"s","s",2239,363,"s","Input"
"3053",3053,3053,996187,996271,84,"s","s",2240,363,"s","Input"
"3054",3054,3054,996289,996457,168,"i","i",2241,363,"i","Input"
"3055",3055,3055,996341,996463,122,"o","o",2242,363,"o","Input"
"3056",3056,3056,996399,996490,91,"n","n",2243,363,"n","Input"
"3057",3057,3057,996777,996862,85,"s","s",2244,363,"s","Input"
"3058",3058,3058,997075,997137,62,".",".",2245,363,".","Input"
"3059",3059,3059,997374,997395,21,"Space","Space",2246,363," ","Input"
"3060",3060,3060,1023045,1023157,112,"Leftclick","Leftclick",2126,363,"NoChange","Nonproduction"
"3061",3061,3061,1023475,1023539,64,"Backspace","Backspace",2125,363,".","Remove/Cut"
"3062",3062,3062,1024834,1024860,26,"Backspace","Backspace",2124,363," ","Remove/Cut"
"3063",3063,3063,1026109,1026223,114,"Leftclick","Leftclick",2244,363,"NoChange","Nonproduction"
"3064",3064,3064,1031803,1031803,0,"Shift","Shift",2244,363,"NoChange","Nonproduction"
"3065",3065,3065,1031921,1032028,107,"M","m",2245,364,"M","Input"
"3066",3066,3066,1032081,1032220,139,"a","a",2246,364,"a","Input"
"3067",3067,3067,1032416,1032509,93,"t","t",2247,364,"t","Input"
"3068",3068,3068,1032518,1032668,150,"e","e",2248,364,"e","Input"
"3069",3069,3069,1032640,1032734,94,"r","r",2249,364,"r","Input"
"3070",3070,3070,1032794,1032943,149,"i","i",2250,364,"i","Input"
"3071",3071,3071,1032973,1033050,77,"l","l",2251,364,"l","Input"
"3072",3072,3072,1033334,1033382,48,"Backspace","Backspace",2250,364,"l","Remove/Cut"
"3073",3073,3073,1033498,1033593,95,"a","a",2251,364,"a","Input"
"3074",3074,3074,1033637,1033747,110,"l","l",2252,364,"l","Input"
"3075",3075,3075,1033765,1033849,84,"i","i",2253,364,"i","Input"
"3076",3076,3076,1033893,1033998,105,"s","s",2254,364,"s","Input"
"3077",3077,3077,1034035,1034108,73,"m","m",2255,364,"m","Input"
"3078",3078,3078,1035568,1035693,125,"Space","Space",2256,364," ","Input"
"3079",3079,3079,1039381,1039469,88,"g","g",2257,365,"g","Input"
"3080",3080,3080,1039433,1039508,75,"o","o",2258,365,"o","Input"
"3081",3081,3081,1039519,1039674,155,"e","e",2259,365,"e","Input"
"3082",3082,3082,1039632,1039751,119,"s","s",2260,365,"s","Input"
"3083",3083,3083,1039759,1039843,84,"Space","Space",2261,365," ","Input"
"3084",3084,3084,1039782,1039880,98,"o","o",2262,366,"o","Input"
"3085",3085,3085,1040157,1040215,58,"Backspace","Backspace",2261,365,"o","Remove/Cut"
"3086",3086,3086,1040289,1040374,85,"a","a",2262,366,"a","Input"
"3087",3087,3087,1040385,1040485,100,"g","g",2263,366,"g","Input"
"3088",3088,3088,1040474,1040574,100,"a","a",2264,366,"a","Input"
"3089",3089,3089,1040584,1040708,124,"i","i",2265,366,"i","Input"
"3090",3090,3090,1040679,1040745,66,"n","n",2266,366,"n","Input"
"3091",3091,3091,1040727,1040876,149,"s","s",2267,366,"s","Input"
"3092",3092,3092,1040842,1040910,68,"t","t",2268,366,"t","Input"
"3093",3093,3093,1041120,1041253,133,"Space","Space",2269,366," ","Input"
"3094",3094,3094,1041440,1041551,111,"t","t",2270,367,"t","Input"
"3095",3095,3095,1041500,1041612,112,"h","h",2271,367,"h","Input"
"3096",3096,3096,1041557,1041639,82,"i","i",2272,367,"i","Input"
"3097",3097,3097,1041595,1041729,134,"s","s",2273,367,"s","Input"
"3098",3098,3098,1041828,1041974,146,"Space","Space",2274,367," ","Input"
"3099",3099,3099,1042044,1042169,125,"w","w",2275,368,"w","Input"
"3100",3100,3100,1042103,1042260,157,"a","a",2276,368,"a","Input"
"3101",3101,3101,1042223,1042266,43,"y","y",2277,368,"y","Input"
"3102",3102,3102,1042304,1042400,96,"Space","Space",2278,368," ","Input"
"3103",3103,3103,1042399,1042479,80,"o","o",2279,369,"o","Input"
"3104",3104,3104,1042526,1042605,79,"f","f",2280,369,"f","Input"
"3105",3105,3105,1042600,1042702,102,"Space","Space",2281,369," ","Input"
"3106",3106,3106,1042745,1042807,62,"t","t",2282,370,"t","Input"
"3107",3107,3107,1042785,1042864,79,"h","h",2283,370,"h","Input"
"3108",3108,3108,1042846,1042908,62,"i","i",2284,370,"i","Input"
"3109",3109,3109,1043018,1043113,95,"k","k",2285,370,"k","Input"
"3110",3110,3110,1043024,1043116,92,"n","n",2286,370,"n","Input"
"3111",3111,3111,1043236,1043359,123,"i","i",2287,370,"i","Input"
"3112",3112,3112,1043316,1043398,82,"n","n",2288,370,"n","Input"
"3113",3113,3113,1043397,1043447,50,"g","g",2289,370,"g","Input"
"3114",3114,3114,1043665,1043729,64,"Backspace","Backspace",2288,370,"g","Remove/Cut"
"3115",3115,3115,1043813,1043882,69,"Backspace","Backspace",2287,370,"n","Remove/Cut"
"3116",3116,3116,1043963,1044030,67,"Backspace","Backspace",2286,370,"i","Remove/Cut"
"3117",3117,3117,1044100,1044152,52,"Backspace","Backspace",2285,370,"n","Remove/Cut"
"3118",3118,3118,1044224,1044282,58,"Backspace","Backspace",2284,370,"k","Remove/Cut"
"3119",3119,3119,1044515,1044635,120,"n","n",2285,370,"n","Input"
"3120",3120,3120,1044603,1044677,74,"k","k",2286,370,"k","Input"
"3121",3121,3121,1044782,1044887,105,"i","i",2287,370,"i","Input"
"3122",3122,3122,1044847,1044915,68,"n","n",2288,370,"n","Input"
"3123",3123,3123,1044935,1045001,66,"g","g",2289,370,"g","Input"
"3124",3124,3124,1045137,1045227,90,"Space","Space",2290,370," ","Input"
"3125",3125,3125,1045321,1045428,107,"a","a",2291,371,"a","Input"
"3126",3126,3126,1045467,1045554,87,"n","n",2292,371,"n","Input"
"3127",3127,3127,1045570,1045672,102,"d","d",2293,371,"d","Input"
"3128",3128,3128,1045710,1045826,116,"Space","Space",2294,371," ","Input"
"3129",3129,3129,1046303,1046377,74,"p","p",2295,372,"p","Input"
"3130",3130,3130,1046410,1046474,64,"r","r",2296,372,"r","Input"
"3131",3131,3131,1046472,1046550,78,"o","o",2297,372,"o","Input"
"3132",3132,3132,1046594,1046664,70,"m","m",2298,372,"m","Input"
"3133",3133,3133,1046646,1046738,92,"o","o",2299,372,"o","Input"
"3134",3134,3134,1046784,1046924,140,"t","t",2300,372,"t","Input"
"3135",3135,3135,1046861,1046994,133,"e","e",2301,372,"e","Input"
"3136",3136,3136,1046923,1047054,131,"s","s",2302,372,"s","Input"
"3137",3137,3137,1047752,1047869,117,"Space","Space",2303,372," ","Input"
"3138",3138,3138,1048114,1048201,87,"t","t",2304,373,"t","Input"
"3139",3139,3139,1048197,1048244,47,"h","h",2305,373,"h","Input"
"3140",3140,3140,1048266,1048343,77,"e","e",2306,373,"e","Input"
"3141",3141,3141,1048396,1048488,92,"Space","Space",2307,373," ","Input"
"3142",3142,3142,1048461,1048563,102,"i","i",2308,374,"i","Input"
"3143",3143,3143,1048532,1048602,70,"d","d",2309,374,"d","Input"
"3144",3144,3144,1048733,1048829,96,"e","e",2310,374,"e","Input"
"3145",3145,3145,1048815,1048919,104,"a","a",2311,374,"a","Input"
"3146",3146,3146,1049369,1049472,103,"Space","Space",2312,374," ","Input"
"3147",3147,3147,1049471,1049578,107,"t","t",2313,375,"t","Input"
"3148",3148,3148,1049566,1049634,68,"h","h",2314,375,"h","Input"
"3149",3149,3149,1049619,1049750,131,"a","a",2315,375,"a","Input"
"3150",3150,3150,1049691,1049786,95,"t","t",2316,375,"t","Input"
"3151",3151,3151,1049881,1050010,129,"Space","Space",2317,375," ","Input"
"3152",3152,3152,1050547,1050661,114,"o","o",2318,376,"o","Input"
"3153",3153,3153,1050617,1050661,44,"n","n",2319,376,"n","Input"
"3154",3154,3154,1050669,1050745,76,"e","e",2320,376,"e","Input"
"3155",3155,3155,1050817,1050918,101,"Space","Space",2321,376," ","Input"
"3156",3156,3156,1050884,1051006,122,"s","s",2322,377,"s","Input"
"3157",3157,3157,1050979,1051068,89,"h","h",2323,377,"h","Input"
"3158",3158,3158,1051078,1051157,79,"o","o",2324,377,"o","Input"
"3159",3159,3159,1051200,1051307,107,"u","u",2325,377,"u","Input"
"3160",3160,3160,1051281,1051363,82,"l","l",2326,377,"l","Input"
"3161",3161,3161,1051359,1051419,60,"d","d",2327,377,"d","Input"
"3162",3162,3162,1051489,1051594,105,"Space","Space",2328,377," ","Input"
"3163",3163,3163,1051583,1051635,52,"o","o",2329,378,"o","Input"
"3164",3164,3164,1051667,1051730,63,"n","n",2330,378,"n","Input"
"3165",3165,3165,1051793,1051865,72,"l","l",2331,378,"l","Input"
"3166",3166,3166,1051967,1052027,60,"y","y",2332,378,"y","Input"
"3167",3167,3167,1052079,1052157,78,"Space","Space",2333,378," ","Input"
"3168",3168,3168,1052190,1052283,93,"c","c",2334,379,"c","Input"
"3169",3169,3169,1052322,1052444,122,"a","a",2335,379,"a","Input"
"3170",3170,3170,1052747,1052848,101,"r","r",2336,379,"r","Input"
"3171",3171,3171,1052839,1052930,91,"e","e",2337,379,"e","Input"
"3172",3172,3172,1053106,1053218,112,"Space","Space",2338,379," ","Input"
"3173",3173,3173,1054322,1054433,111,"a","a",2339,380,"a","Input"
"3174",3174,3174,1054430,1054504,74,"n","n",2340,380,"n","Input"
"3175",3175,3175,1054544,1054611,67,"d","d",2341,380,"d","Input"
"3176",3176,3176,1054728,1054827,99,"Space","Space",2342,380," ","Input"
"3177",3177,3177,1055156,1055230,74,"b","b",2343,381,"b","Input"
"3178",3178,3178,1055248,1055321,73,"u","u",2344,381,"u","Input"
"3179",3179,3179,1055465,1055518,53,"y","y",2345,381,"y","Input"
"3180",3180,3180,1055618,1055731,113,"Space","Space",2346,381," ","Input"
"3181",3181,3181,1055730,1055822,92,"t","t",2347,382,"t","Input"
"3182",3182,3182,1055821,1055867,46,"h","h",2348,382,"h","Input"
"3183",3183,3183,1055849,1056033,184,"i","i",2349,382,"i","Input"
"3184",3184,3184,1055973,1056063,90,"n","n",2350,382,"n","Input"
"3185",3185,3185,1056070,1056166,96,"g","g",2351,382,"g","Input"
"3186",3186,3186,1056164,1056243,79,"s","s",2352,382,"s","Input"
"3187",3187,3187,1056216,1056309,93,"Space","Space",2353,382," ","Input"
"3188",3188,3188,1056321,1056413,92,"f","f",2354,383,"f","Input"
"3189",3189,3189,1056389,1056461,72,"o","o",2355,383,"o","Input"
"3190",3190,3190,1056534,1056580,46,"r","r",2356,383,"r","Input"
"3191",3191,3191,1056577,1056682,105,"Space","Space",2357,383," ","Input"
"3192",3192,3192,1056671,1056762,91,"y","y",2358,384,"y","Input"
"3193",3193,3193,1056742,1056890,148,"o","o",2359,384,"o","Input"
"3194",3194,3194,1056863,1056926,63,"u","u",2360,384,"u","Input"
"3195",3195,3195,1056984,1057044,60,"r","r",2361,384,"r","Input"
"3196",3196,3196,1057122,1057273,151,"s","s",2362,384,"s","Input"
"3197",3197,3197,1057215,1057293,78,"e","e",2363,384,"e","Input"
"3198",3198,3198,1057301,1057405,104,"l","l",2364,384,"l","Input"
"3199",3199,3199,1057450,1057525,75,"f","f",2365,384,"f","Input"
"3200",3200,3200,1057939,1058035,96,".",".",2366,384,".","Input"
"3201",3201,3201,1058614,1058695,81,"Backspace","Backspace",2365,384,".","Remove/Cut"
"3202",3202,3202,1059674,1060174,500,"Backspace","Backspace",2364,384,"f","Remove/Cut"
"3203",3203,3203,1060174,1060257,83,"Backspace","Backspace",2363,384,"l","Remove/Cut"
"3204",3204,3204,1060257,1060337,80,"Backspace","Backspace",2362,384,"e","Remove/Cut"
"3205",3205,3205,1060337,1060426,89,"Backspace","Backspace",2361,384,"s","Remove/Cut"
"3206",3206,3206,1060426,1060510,84,"Backspace","Backspace",2360,384,"r","Remove/Cut"
"3207",3207,3207,1060510,1060553,43,"Backspace","Backspace",2359,384,"u","Remove/Cut"
"3208",3208,3208,1060677,1060746,69,"Backspace","Backspace",2358,384,"o","Remove/Cut"
"3209",3209,3209,1060846,1060890,44,"Backspace","Backspace",2357,383,"y","Remove/Cut"
"3210",3210,3210,1061245,1061358,113,"o","o",2358,384,"o","Input"
"3211",3211,3211,1061340,1061404,64,"n","n",2359,384,"n","Input"
"3212",3212,3212,1061494,1061544,50,"e","e",2360,384,"e","Input"
"3213",3213,3213,1061641,1061845,204,"s","s",2361,384,"s","Input"
"3214",3214,3214,1061853,1061961,108,"e","e",2362,384,"e","Input"
"3215",3215,3215,1062036,1062130,94,"l","l",2363,384,"l","Input"
"3216",3216,3216,1062201,1062273,72,"f","f",2364,384,"f","Input"
"3217",3217,3217,1067023,1067064,41,".",".",2365,384,".","Input"
"3218",3218,3218,1067347,1067410,63,"Space","Space",2366,384," ","Input"
"3219",3219,3219,1076634,1076676,42,"Enter","Enter",2367,384,"\n","Input"
"3220",3220,3220,1076771,1076826,55,"Enter","Enter",2368,384,"\n","Input"
"3221",3221,3221,1077053,1077053,0,"Shift","Shift",2368,384,"NoChange","Nonproduction"
"3222",3222,3222,1077191,1077288,97,"T","t",2369,385,"T","Input"
"3223",3223,3223,1077303,1077364,61,"h","h",2370,385,"h","Input"
"3224",3224,3224,1077389,1077474,85,"e","e",2371,385,"e","Input"
"3225",3225,3225,1077496,1077591,95,"r","r",2372,385,"r","Input"
"3226",3226,3226,1077563,1077665,102,"e","e",2373,385,"e","Input"
"3227",3227,3227,1077690,1077790,100,"Space","Space",2374,385," ","Input"
"3228",3228,3228,1077770,1077853,83,"d","d",2375,386,"d","Input"
"3229",3229,3229,1077884,1077942,58,"o","o",2376,386,"o","Input"
"3230",3230,3230,1077964,1078070,106,"e","e",2377,386,"e","Input"
"3231",3231,3231,1078022,1078135,113,"s","s",2378,386,"s","Input"
"3232",3232,3232,1078142,1078263,121,"Space","Space",2379,386," ","Input"
"3233",3233,3233,1078228,1078299,71,"e","e",2380,387,"e","Input"
"3234",3234,3234,1078420,1078489,69,"x","x",2381,387,"x","Input"
"3235",3235,3235,1078501,1078577,76,"i","i",2382,387,"i","Input"
"3236",3236,3236,1078587,1078725,138,"s","s",2383,387,"s","Input"
"3237",3237,3237,1078700,1078755,55,"t","t",2384,387,"t","Input"
"3238",3238,3238,1078810,1078890,80,"Space","Space",2385,387," ","Input"
"3239",3239,3239,1078871,1078990,119,"a","a",2386,388,"a","Input"
"3240",3240,3240,1079034,1079110,76,"Space","Space",2387,388," ","Input"
"3241",3241,3241,1079155,1079206,51,"h","h",2388,389,"h","Input"
"3242",3242,3242,1079256,1079364,108,"e","e",2389,389,"e","Input"
"3243",3243,3243,1079359,1079508,149,"a","a",2390,389,"a","Input"
"3244",3244,3244,1079606,1079676,70,"l","l",2391,389,"l","Input"
"3245",3245,3245,1079802,1079870,68,"t","t",2392,389,"t","Input"
"3246",3246,3246,1079869,1079911,42,"h","h",2393,389,"h","Input"
"3247",3247,3247,1080027,1080075,48,"y","y",2394,389,"y","Input"
"3248",3248,3248,1080136,1080219,83,"Space","Space",2395,389," ","Input"
"3249",3249,3249,1080292,1080408,116,"b","b",2396,390,"b","Input"
"3250",3250,3250,1080386,1080509,123,"a","a",2397,390,"a","Input"
"3251",3251,3251,1080488,1080574,86,"l","l",2398,390,"l","Input"
"3252",3252,3252,1080611,1080702,91,"a","a",2399,390,"a","Input"
"3253",3253,3253,1080742,1080824,82,"n","n",2400,390,"n","Input"
"3254",3254,3254,1080879,1080970,91,"c","c",2401,390,"c","Input"
"3255",3255,3255,1080925,1081048,123,"e","e",2402,390,"e","Input"
"3256",3256,3256,1082287,1082378,91,"Space","Space",2403,390," ","Input"
"3257",3257,3257,1082386,1082510,124,"i","i",2404,391,"i","Input"
"3258",3258,3258,1082483,1082513,30,"n","n",2405,391,"n","Input"
"3259",3259,3259,1082583,1082680,97,"Space","Space",2406,391," ","Input"
"3260",3260,3260,1082721,1082798,77,"c","c",2407,392,"c","Input"
"3261",3261,3261,1082806,1082902,96,"a","a",2408,392,"a","Input"
"3262",3262,3262,1082987,1083067,80,"r","r",2409,392,"r","Input"
"3263",3263,3263,1083048,1083161,113,"i","i",2410,392,"i","Input"
"3264",3264,3264,1083125,1083185,60,"n","n",2411,392,"n","Input"
"3265",3265,3265,1083211,1083256,45,"g","g",2412,392,"g","Input"
"3266",3266,3266,1083314,1083405,91,"Space","Space",2413,392," ","Input"
"3267",3267,3267,1083422,1083496,74,"f","f",2414,393,"f","Input"
"3268",3268,3268,1083475,1083536,61,"o","o",2415,393,"o","Input"
"3269",3269,3269,1083569,1083640,71,"r","r",2416,393,"r","Input"
"3270",3270,3270,1083627,1083668,41,"Space","Space",2417,393," ","Input"
"3271",3271,3271,1083685,1083765,80,"y","y",2418,394,"y","Input"
"3272",3272,3272,1083773,1083897,124,"o","o",2419,394,"o","Input"
"3273",3273,3273,1083882,1083946,64,"u","u",2420,394,"u","Input"
"3274",3274,3274,1084026,1084127,101,"s","s",2421,394,"s","Input"
"3275",3275,3275,1084099,1084172,73,"e","e",2422,394,"e","Input"
"3276",3276,3276,1084425,1084473,48,"Backspace","Backspace",2421,394,"e","Remove/Cut"
"3277",3277,3277,1084546,1084612,66,"Backspace","Backspace",2420,394,"s","Remove/Cut"
"3278",3278,3278,1084696,1084789,93,"r","r",2421,394,"r","Input"
"3279",3279,3279,1084895,1085010,115,"s","s",2422,394,"s","Input"
"3280",3280,3280,1084958,1085052,94,"e","e",2423,394,"e","Input"
"3281",3281,3281,1085086,1085170,84,"l","l",2424,394,"l","Input"
"3282",3282,3282,1085188,1085262,74,"f","f",2425,394,"f","Input"
"3283",3283,3283,1085481,1085574,93,"Space","Space",2426,394," ","Input"
"3284",3284,3284,1085590,1085682,92,"a","a",2427,395,"a","Input"
"3285",3285,3285,1085679,1085741,62,"n","n",2428,395,"n","Input"
"3286",3286,3286,1085771,1085864,93,"d","d",2429,395,"d","Input"
"3287",3287,3287,1086015,1086131,116,"Space","Space",2430,395," ","Input"
"3288",3288,3288,1086782,1086854,72,"Backspace","Backspace",2429,395," ","Remove/Cut"
"3289",3289,3289,1088039,1088117,78,"Backspace","Backspace",2428,395,"d","Remove/Cut"
"3290",3290,3290,1088209,1088288,79,"Backspace","Backspace",2427,395,"n","Remove/Cut"
"3291",3291,3291,1088305,1088405,100,"Backspace","Backspace",2426,394,"a","Remove/Cut"
"3292",3292,3292,1088494,1088544,50,"Backspace","Backspace",2425,394," ","Remove/Cut"
"3293",3293,3293,1088587,1088662,75,"Backspace","Backspace",2424,394,"f","Remove/Cut"
"3294",3294,3294,1088746,1088805,59,"Backspace","Backspace",2423,394,"l","Remove/Cut"
"3295",3295,3295,1088916,1088932,16,"Backspace","Backspace",2422,394,"e","Remove/Cut"
"3296",3296,3296,1089035,1089073,38,"Backspace","Backspace",2421,394,"s","Remove/Cut"
"3297",3297,3297,1089157,1089201,44,"Backspace","Backspace",2420,394,"r","Remove/Cut"
"3298",3298,3298,1089275,1089323,48,"Backspace","Backspace",2419,394,"u","Remove/Cut"
"3299",3299,3299,1089429,1089450,21,"Backspace","Backspace",2418,394,"o","Remove/Cut"
"3300",3300,3300,1089529,1089570,41,"Backspace","Backspace",2417,393,"y","Remove/Cut"
"3301",3301,3301,1089882,1090037,155,"o","o",2418,394,"o","Input"
"3302",3302,3302,1089982,1090056,74,"n","n",2419,394,"n","Input"
"3303",3303,3303,1090088,1090196,108,"e","e",2420,394,"e","Input"
"3304",3304,3304,1090195,1090335,140,"s","s",2421,394,"s","Input"
"3305",3305,3305,1090301,1090405,104,"e","e",2422,394,"e","Input"
"3306",3306,3306,1090404,1090494,90,"l","l",2423,394,"l","Input"
"3307",3307,3307,1090493,1090579,86,"f","f",2424,394,"f","Input"
"3308",3308,3308,1090685,1090776,91,"Space","Space",2425,394," ","Input"
"3309",3309,3309,1090822,1090890,68,"a","a",2426,395,"a","Input"
"3310",3310,3310,1090898,1090965,67,"n","n",2427,395,"n","Input"
"3311",3311,3311,1091000,1091080,80,"d","d",2428,395,"d","Input"
"3312",3312,3312,1091508,1091588,80,"Space","Space",2429,395," ","Input"
"3313",3313,3313,1094001,1094082,81,"t","t",2430,396,"t","Input"
"3314",3314,3314,1094130,1094209,79,"e","e",2431,396,"e","Input"
"3315",3315,3315,1094218,1094327,109,"Space","Space",2432,396," ","Input"
"3316",3316,3316,1094490,1094512,22,"Backspace","Backspace",2431,396," ","Remove/Cut"
"3317",3317,3317,1094601,1094681,80,"Backspace","Backspace",2430,396,"e","Remove/Cut"
"3318",3318,3318,1094848,1094905,57,"h","h",2431,396,"h","Input"
"3319",3319,3319,1094988,1095081,93,"e","e",2432,396,"e","Input"
"3320",3320,3320,1095080,1095192,112,"Space","Space",2433,396," ","Input"
"3321",3321,3321,1095191,1095223,32,"p","p",2434,397,"p","Input"
"3322",3322,3322,1095335,1095435,100,"e","e",2435,397,"e","Input"
"3323",3323,3323,1095433,1095533,100,"o","o",2436,397,"o","Input"
"3324",3324,3324,1095503,1095623,120,"p","p",2437,397,"p","Input"
"3325",3325,3325,1095617,1095697,80,"l","l",2438,397,"l","Input"
"3326",3326,3326,1095684,1095759,75,"e","e",2439,397,"e","Input"
"3327",3327,3327,1095844,1095936,92,"Space","Space",2440,397," ","Input"
"3328",3328,3328,1095947,1096078,131,"a","a",2441,398,"a","Input"
"3329",3329,3329,1096024,1096124,100,"r","r",2442,398,"r","Input"
"3330",3330,3330,1096051,1096166,115,"o","o",2443,398,"o","Input"
"3331",3331,3331,1096100,1096145,45,"u","u",2444,398,"u","Input"
"3332",3332,3332,1096300,1096364,64,"n","n",2445,398,"n","Input"
"3333",3333,3333,1096402,1096494,92,"d","d",2446,398,"d","Input"
"3334",3334,3334,1096563,1096677,114,"Space","Space",2447,398," ","Input"
"3335",3335,3335,1096663,1096749,86,"t","t",2448,399,"t","Input"
"3336",3336,3336,1096734,1096806,72,"h","h",2449,399,"h","Input"
"3337",3337,3337,1096817,1096924,107,"e","e",2450,399,"e","Input"
"3338",3338,3338,1096974,1097033,59,"m","m",2451,399,"m","Input"
"3339",3339,3339,1097220,1097277,57,",",",",2452,399,",","Input"
"3340",3340,3340,1097471,1097551,80,"Space","Space",2453,399," ","Input"
"3341",3341,3341,1097623,1097712,89,"b","b",2454,400,"b","Input"
"3342",3342,3342,1097732,1097777,45,"u","u",2455,400,"u","Input"
"3343",3343,3343,1097885,1097934,49,"t","t",2456,400,"t","Input"
"3344",3344,3344,1097943,1098028,85,"Space","Space",2457,400," ","Input"
"3345",3345,3345,1098118,1098226,108,"m","m",2458,401,"m","Input"
"3346",3346,3346,1098211,1098331,120,"a","a",2459,401,"a","Input"
"3347",3347,3347,1098292,1098377,85,"t","t",2460,401,"t","Input"
"3348",3348,3348,1098376,1098499,123,"e","e",2461,401,"e","Input"
"3349",3349,3349,1098490,1098567,77,"r","r",2462,401,"r","Input"
"3350",3350,3350,1098584,1098662,78,"i","i",2463,401,"i","Input"
"3351",3351,3351,1098765,1098847,82,"a","a",2464,401,"a","Input"
"3352",3352,3352,1099091,1099195,104,"l","l",2465,401,"l","Input"
"3353",3353,3353,1099183,1099253,70,"i","i",2466,401,"i","Input"
"3354",3354,3354,1099631,1099719,88,"s","s",2467,401,"s","Input"
"3355",3355,3355,1099774,1099805,31,"m","m",2468,401,"m","Input"
"3356",3356,3356,1099984,1100116,132,"Space","Space",2469,401," ","Input"
"3357",3357,3357,1100141,1100262,121,"o","o",2470,402,"o","Input"
"3358",3358,3358,1100261,1100360,99,"n","n",2471,402,"n","Input"
"3359",3359,3359,1100381,1100476,95,"l","l",2472,402,"l","Input"
"3360",3360,3360,1100628,1100668,40,"y","y",2473,402,"y","Input"
"3361",3361,3361,1102083,1102162,79,"Space","Space",2474,402," ","Input"
"3362",3362,3362,1102236,1102292,56,"x","x",2475,403,"x","Input"
"3363",3363,3363,1102609,1102620,11,"Backspace","Backspace",2474,402,"x","Remove/Cut"
"3364",3364,3364,1102883,1102955,72,"c","c",2475,403,"c","Input"
"3365",3365,3365,1102966,1103107,141,"o","o",2476,403,"o","Input"
"3366",3366,3366,1103030,1103131,101,"m","m",2477,403,"m","Input"
"3367",3367,3367,1103120,1103202,82,"p","p",2478,403,"p","Input"
"3368",3368,3368,1103269,1103362,93,"l","l",2479,403,"l","Input"
"3369",3369,3369,1103337,1103437,100,"i","i",2480,403,"i","Input"
"3370",3370,3370,1103432,1103513,81,"c","c",2481,403,"c","Input"
"3371",3371,3371,1103552,1103645,93,"a","a",2482,403,"a","Input"
"3372",3372,3372,1103715,1103887,172,"t","t",2483,403,"t","Input"
"3373",3373,3373,1103811,1103954,143,"e","e",2484,403,"e","Input"
"3374",3374,3374,1103886,1104007,121,"s","s",2485,403,"s","Input"
"3375",3375,3375,1104074,1104153,79,"Space","Space",2486,403," ","Input"
"3376",3376,3376,1104151,1104220,69,"t","t",2487,404,"t","Input"
"3377",3377,3377,1104405,1104523,118,"h","h",2488,404,"h","Input"
"3378",3378,3378,1104477,1104561,84,"i","i",2489,404,"i","Input"
"3379",3379,3379,1104547,1104628,81,"s","s",2490,404,"s","Input"
"3380",3380,3380,1104678,1104758,80,"Space","Space",2491,404," ","Input"
"3381",3381,3381,1104757,1104852,95,"a","a",2492,405,"a","Input"
"3382",3382,3382,1104811,1104891,80,"n","n",2493,405,"n","Input"
"3383",3383,3383,1104899,1105002,103,"d","d",2494,405,"d","Input"
"3384",3384,3384,1104945,1105007,62,"Space","Space",2495,405," ","Input"
"3385",3385,3385,1105048,1105147,99,"m","m",2496,406,"m","Input"
"3386",3386,3386,1105128,1105214,86,"a","a",2497,406,"a","Input"
"3387",3387,3387,1105222,1105301,79,"k","k",2498,406,"k","Input"
"3388",3388,3388,1105296,1105404,108,"e","e",2499,406,"e","Input"
"3389",3389,3389,1105350,1105468,118,"s","s",2500,406,"s","Input"
"3390",3390,3390,1105413,1105523,110,"Space","Space",2501,406," ","Input"
"3391",3391,3391,1105482,1105551,69,"i","i",2502,407,"i","Input"
"3392",3392,3392,1105573,1105656,83,"t","t",2503,407,"t","Input"
"3393",3393,3393,1105684,1105750,66,"Space","Space",2504,407," ","Input"
"3394",3394,3394,1105732,1105811,79,"h","h",2505,408,"h","Input"
"3395",3395,3395,1105783,1105913,130,"a","a",2506,408,"a","Input"
"3396",3396,3396,1105887,1105999,112,"r","r",2507,408,"r","Input"
"3397",3397,3397,1105920,1106026,106,"d","d",2508,408,"d","Input"
"3398",3398,3398,1106141,1106257,116,"e","e",2509,408,"e","Input"
"3399",3399,3399,1106230,1106314,84,"r","r",2510,408,"r","Input"
"3400",3400,3400,1106396,1106513,117,"Space","Space",2511,408," ","Input"
"3401",3401,3401,1106586,1106644,58,"t","t",2512,409,"t","Input"
"3402",3402,3402,1106643,1106759,116,"o","o",2513,409,"o","Input"
"3403",3403,3403,1106739,1106836,97,"Space","Space",2514,409," ","Input"
"3404",3404,3404,1106927,1107014,87,"t","t",2515,410,"t","Input"
"3405",3405,3405,1106958,1107047,89,"r","r",2516,410,"r","Input"
"3406",3406,3406,1107019,1107076,57,"u","u",2517,410,"u","Input"
"3407",3407,3407,1107186,1107264,78,"l","l",2518,410,"l","Input"
"3408",3408,3408,1107391,1107468,77,"y","y",2519,410,"y","Input"
"3409",3409,3409,1107533,1107625,92,"Space","Space",2520,410," ","Input"
"3410",3410,3410,1107741,1107826,85,"c","c",2521,411,"c","Input"
"3411",3411,3411,1107824,1107910,86,"a","a",2522,411,"a","Input"
"3412",3412,3412,1107991,1108094,103,"r","r",2523,411,"r","Input"
"3413",3413,3413,1108071,1108169,98,"e","e",2524,411,"e","Input"
"3414",3414,3414,1108267,1108332,65,"Space","Space",2525,411," ","Input"
"3415",3415,3415,1108322,1108448,126,"w","w",2526,412,"w","Input"
"3416",3416,3416,1108366,1108468,102,"e","e",2527,412,"e","Input"
"3417",3417,3417,1108466,1108518,52,"l","l",2528,412,"l","Input"
"3418",3418,3418,1108602,1108691,89,"l","l",2529,412,"l","Input"
"3419",3419,3419,1108745,1108855,110,"Space","Space",2530,412," ","Input"
"3420",3420,3420,1109006,1109091,85,"f","f",2531,413,"f","Input"
"3421",3421,3421,1109120,1109201,81,"o","o",2532,413,"o","Input"
"3422",3422,3422,1109240,1109289,49,"r","r",2533,413,"r","Input"
"3423",3423,3423,1110018,1110137,119,"Space","Space",2534,413," ","Input"
"3424",3424,3424,1110167,1110277,110,"t","t",2535,414,"t","Input"
"3425",3425,3425,1110211,1110258,47,"h","h",2536,414,"h","Input"
"3426",3426,3426,1110295,1110374,79,"e","e",2537,414,"e","Input"
"3427",3427,3427,1110390,1110486,96,"Space","Space",2538,414," ","Input"
"3428",3428,3428,1110609,1110675,66,"e","e",2539,415,"e","Input"
"3429",3429,3429,1110890,1110954,64,"Backspace","Backspace",2538,414,"e","Remove/Cut"
"3430",3430,3430,1111172,1111240,68,"p","p",2539,415,"p","Input"
"3431",3431,3431,1111370,1111488,118,"e","e",2540,415,"e","Input"
"3432",3432,3432,1111493,1111575,82,"o","o",2541,415,"o","Input"
"3433",3433,3433,1111724,1111788,64,"Backspace","Backspace",2540,415,"o","Remove/Cut"
"3434",3434,3434,1111878,1111929,51,"Backspace","Backspace",2539,415,"e","Remove/Cut"
"3435",3435,3435,1112022,1112135,113,"Backspace","Backspace",2538,414,"p","Remove/Cut"
"3436",3436,3436,1112977,1113049,72,"v","v",2539,415,"v","Input"
"3437",3437,3437,1113135,1113253,118,"e","e",2540,415,"e","Input"
"3438",3438,3438,1113215,1113296,81,"r","r",2541,415,"r","Input"
"3439",3439,3439,1113284,1113363,79,"y","y",2542,415,"y","Input"
"3440",3440,3440,1113417,1113535,118,"Space","Space",2543,415," ","Input"
"3441",3441,3441,1113501,1113563,62,"p","p",2544,416,"p","Input"
"3442",3442,3442,1113609,1113677,68,"e","e",2545,416,"e","Input"
"3443",3443,3443,1113676,1113774,98,"o","o",2546,416,"o","Input"
"3444",3444,3444,1113748,1113857,109,"p","p",2547,416,"p","Input"
"3445",3445,3445,1113854,1113938,84,"l","l",2548,416,"l","Input"
"3446",3446,3446,1113937,1113992,55,"e","e",2549,416,"e","Input"
"3447",3447,3447,1114154,1114254,100,"Space","Space",2550,416," ","Input"
"3448",3448,3448,1114374,1114451,77,"w","w",2551,417,"w","Input"
"3449",3449,3449,1114400,1114496,96,"e","e",2552,417,"e","Input"
"3450",3450,3450,1114586,1114686,100,"Space","Space",2553,417," ","Input"
"3451",3451,3451,1118781,1118866,85,"c","c",2554,418,"c","Input"
"3452",3452,3452,1118832,1118965,133,"a","a",2555,418,"a","Input"
"3453",3453,3453,1118881,1118958,77,"n","n",2556,418,"n","Input"
"3454",3454,3454,1119112,1119233,121,"Space","Space",2557,418," ","Input"
"3455",3455,3455,1119348,1119464,116,"e","e",2558,419,"e","Input"
"3456",3456,3456,1119449,1119500,51,"f","f",2559,419,"f","Input"
"3457",3457,3457,1119606,1119672,66,"f","f",2560,419,"f","Input"
"3458",3458,3458,1119690,1119783,93,"e","e",2561,419,"e","Input"
"3459",3459,3459,1119862,1119958,96,"c","c",2562,419,"c","Input"
"3460",3460,3460,1120186,1120224,38,"t","t",2563,419,"t","Input"
"3461",3461,3461,1120268,1120351,83,"i","i",2564,419,"i","Input"
"3462",3462,3462,1120375,1120477,102,"v","v",2565,419,"v","Input"
"3463",3463,3463,1120433,1120543,110,"e","e",2566,419,"e","Input"
"3464",3464,3464,1120538,1120602,64,"l","l",2567,419,"l","Input"
"3465",3465,3465,1120689,1120766,77,"y","y",2568,419,"y","Input"
"3466",3466,3466,1120850,1120930,80,"Space","Space",2569,419," ","Input"
"3467",3467,3467,1120987,1121035,48,"l","l",2570,420,"l","Input"
"3468",3468,3468,1121118,1121184,66,"o","o",2571,420,"o","Input"
"3469",3469,3469,1121232,1121318,86,"v","v",2572,420,"v","Input"
"3470",3470,3470,1121270,1121379,109,"e","e",2573,420,"e","Input"
"3471",3471,3471,1122660,1122770,110,"Space","Space",2574,420," ","Input"
"3472",3472,3472,1122933,1123073,140,"a","a",2575,421,"a","Input"
"3473",3473,3473,1123007,1123117,110,"r","r",2576,421,"r","Input"
"3474",3474,3474,1123017,1123130,113,"o","o",2577,421,"o","Input"
"3475",3475,3475,1123086,1123144,58,"u","u",2578,421,"u","Input"
"3476",3476,3476,1123274,1123350,76,"n","n",2579,421,"n","Input"
"3477",3477,3477,1123301,1123406,105,"d","d",2580,421,"d","Input"
"3478",3478,3478,1123421,1123504,83,"Space","Space",2581,421," ","Input"
"3479",3479,3479,1123503,1123546,43,"u","u",2582,422,"u","Input"
"3480",3480,3480,1123545,1123646,101,"s","s",2583,422,"s","Input"
"3481",3481,3481,1123780,1123876,96,".",".",2584,422,".","Input"
"3482",3482,3482,1155765,1155826,61,"Leftclick","Leftclick",2368,422,"NoChange","Nonproduction"
"3483",3483,3483,1163878,1163939,61,"ArrowRight","ArrowRight",2369,422,"NoChange","Nonproduction"
"3484",3484,3484,1164184,1164238,54,"Backspace","Backspace",2368,422,"T","Remove/Cut"
"3485",3485,3485,1164494,1164494,0,"Shift","Shift",2368,422,"NoChange","Nonproduction"
"3486",3486,3486,1164618,1164726,108,"W","w",2369,422,"W","Input"
"3487",3487,3487,1164880,1164991,111,"h","h",2370,422,"h","Input"
"3488",3488,3488,1164898,1165039,141,"i","i",2371,422,"i","Input"
"3489",3489,3489,1164963,1165069,106,"l","l",2372,422,"l","Input"
"3490",3490,3490,1165066,1165180,114,"e","e",2373,422,"e","Input"
"3491",3491,3491,1165325,1165418,93,"Space","Space",2374,423," ","Input"
"3492",3492,3492,1165552,1165632,80,"t","t",2375,423,"t","Input"
"3493",3493,3493,1166764,1166855,91,"ArrowRight","ArrowRight",2376,423,"NoChange","Nonproduction"
"3494",3494,3494,1166955,1167023,68,"ArrowRight","ArrowRight",2377,423,"NoChange","Nonproduction"
"3495",3495,3495,1167118,1167161,43,"ArrowRight","ArrowRight",2378,423,"NoChange","Nonproduction"
"3496",3496,3496,1167257,1167299,42,"ArrowRight","ArrowRight",2379,423,"NoChange","Nonproduction"
"3497",3497,3497,1167373,1167421,48,"ArrowRight","ArrowRight",2380,423,"NoChange","Nonproduction"
"3498",3498,3498,1167505,1167557,52,"ArrowRight","ArrowRight",2381,423,"NoChange","Nonproduction"
"3499",3499,3499,1167652,1167676,24,"ArrowRight","ArrowRight",2382,423,"NoChange","Nonproduction"
"3500",3500,3500,1167762,1167792,30,"ArrowRight","ArrowRight",2383,423,"NoChange","Nonproduction"
"3501",3501,3501,1167870,1167918,48,"ArrowRight","ArrowRight",2384,423,"NoChange","Nonproduction"
"3502",3502,3502,1168284,1168342,58,"Backspace","Backspace",2383,423,"s","Remove/Cut"
"3503",3503,3503,1168419,1168490,71,"Backspace","Backspace",2382,423,"e","Remove/Cut"
"3504",3504,3504,1168578,1168642,64,"Backspace","Backspace",2381,423,"o","Remove/Cut"
"3505",3505,3505,1168725,1168763,38,"Backspace","Backspace",2380,422,"d","Remove/Cut"
"3506",3506,3506,1169212,1169284,72,"m","m",2381,423,"m","Input"
"3507",3507,3507,1169307,1169403,96,"a","a",2382,423,"a","Input"
"3508",3508,3508,1169586,1169666,80,"y","y",2383,423,"y","Input"
"3509",3509,3509,1174819,1174893,74,"Leftclick","Leftclick",2454,423,"NoChange","Nonproduction"
"3510",3510,3510,1174967,1175042,75,"Leftclick","Leftclick",2456,423,"NoChange","Nonproduction"
"3511",3511,3511,1175563,1175614,51,"u","u",2453,423,"them => u","Replace"
"3512",3512,3512,1175670,1175762,92,"s","s",2454,423,"s","Input"
"3513",3513,3513,1177853,1177926,73,"Leftclick","Leftclick",2457,423,"NoChange","Nonproduction"
"3514",3514,3514,1177983,1178059,76,"Leftclick","Leftclick",2459,423,"NoChange","Nonproduction"
"3515",3515,3515,1178327,1178397,70,"Backspace","Backspace",2455,422,"but","Remove/Cut"
"3516",3516,3516,1179701,1179820,119,"ArrowRight","ArrowRight",2456,422,"NoChange","Nonproduction"
"3517",3517,3517,1183481,1183560,79,"Leftclick","Leftclick",2583,422,"NoChange","Nonproduction"
"3518",3518,3518,1188970,1188970,0,"Shift","Shift",2583,422,"NoChange","Nonproduction"
"3519",3519,3519,1189487,1189558,71,"Space","Space",2584,422," ","Input"
"3520",3520,3520,1189789,1189789,0,"Shift","Shift",2584,422,"NoChange","Nonproduction"
"3521",3521,3521,1191264,1191353,89,"P","p",2585,423,"P","Input"
"3522",3522,3522,1191398,1191467,69,"e","e",2586,423,"e","Input"
"3523",3523,3523,1191580,1191742,162,"o","o",2587,423,"o","Input"
"3524",3524,3524,1191708,1191823,115,"p","p",2588,423,"p","Input"
"3525",3525,3525,1191997,1192081,84,"l","l",2589,423,"l","Input"
"3526",3526,3526,1192308,1192382,74,"e","e",2590,423,"e","Input"
"3527",3527,3527,1192911,1193046,135,"Space","Space",2591,423," ","Input"
"3528",3528,3528,1195443,1195571,128,"s","s",2592,424,"s","Input"
"3529",3529,3529,1195536,1195664,128,"h","h",2593,424,"h","Input"
"3530",3530,3530,1195860,1195920,60,"Backspace","Backspace",2592,424,"h","Remove/Cut"
"3531",3531,3531,1196029,1196096,67,"Backspace","Backspace",2591,423,"s","Remove/Cut"
"3532",3532,3532,1196186,1196251,65,"Backspace","Backspace",2590,423," ","Remove/Cut"
"3533",3533,3533,1196336,1196395,59,"Backspace","Backspace",2589,423,"e","Remove/Cut"
"3534",3534,3534,1196491,1196545,54,"Backspace","Backspace",2588,423,"l","Remove/Cut"
"3535",3535,3535,1196630,1196687,57,"Backspace","Backspace",2587,423,"p","Remove/Cut"
"3536",3536,3536,1196777,1196844,67,"Backspace","Backspace",2586,423,"o","Remove/Cut"
"3537",3537,3537,1196921,1196989,68,"Backspace","Backspace",2585,423,"e","Remove/Cut"
"3538",3538,3538,1197370,1197421,51,"Backspace","Backspace",2584,422,"P","Remove/Cut"
"3539",3539,3539,1197673,1197673,0,"Shift","Shift",2584,422,"NoChange","Nonproduction"
"3540",3540,3540,1197770,1197835,65,"R","r",2585,423,"R","Input"
"3541",3541,3541,1198128,1198229,101,"a","a",2586,423,"a","Input"
"3542",3542,3542,1198383,1198451,68,"t","t",2587,423,"t","Input"
"3543",3543,3543,1198459,1198513,54,"h","h",2588,423,"h","Input"
"3544",3544,3544,1198545,1198684,139,"e","e",2589,423,"e","Input"
"3545",3545,3545,1198660,1198741,81,"r","r",2590,423,"r","Input"
"3546",3546,3546,1198989,1199112,123,"Space","Space",2591,423," ","Input"
"3547",3547,3547,1199123,1199185,62,"t","t",2592,424,"t","Input"
"3548",3548,3548,1199176,1199230,54,"h","h",2593,424,"h","Input"
"3549",3549,3549,1199256,1199369,113,"a","a",2594,424,"a","Input"
"3550",3550,3550,1199404,1199445,41,"n","n",2595,424,"n","Input"
"3551",3551,3551,1199549,1199646,97,"Space","Space",2596,424," ","Input"
"3552",3552,3552,1199653,1199760,107,"s","s",2597,425,"s","Input"
"3553",3553,3553,1199769,1199798,29,"e","e",2598,425,"e","Input"
"3554",3554,3554,1199864,1199964,100,"e","e",2599,425,"e","Input"
"3555",3555,3555,1200123,1200191,68,"i","i",2600,425,"i","Input"
"3556",3556,3556,1200418,1200461,43,"Backspace","Backspace",2599,425,"i","Remove/Cut"
"3557",3557,3557,1200621,1200685,64,"k","k",2600,425,"k","Input"
"3558",3558,3558,1200785,1200874,89,"i","i",2601,425,"i","Input"
"3559",3559,3559,1200839,1200919,80,"n","n",2602,425,"n","Input"
"3560",3560,3560,1200940,1200992,52,"g","g",2603,425,"g","Input"
"3561",3561,3561,1201054,1201138,84,"Space","Space",2604,425," ","Input"
"3562",3562,3562,1201192,1201238,46,"t","t",2605,426,"t","Input"
"3563",3563,3563,1201237,1201339,102,"o","o",2606,426,"o","Input"
"3564",3564,3564,1201345,1201445,100,"Space","Space",2607,426," ","Input"
"3565",3565,3565,1201426,1201503,77,"f","f",2608,427,"f","Input"
"3566",3566,3566,1201500,1201622,122,"i","i",2609,427,"i","Input"
"3567",3567,3567,1201580,1201637,57,"n","n",2610,427,"n","Input"
"3568",3568,3568,1201636,1201740,104,"d","d",2611,427,"d","Input"
"3569",3569,3569,1201786,1201876,90,"Space","Space",2612,427," ","Input"
"3570",3570,3570,1201875,1201951,76,"t","t",2613,428,"t","Input"
"3571",3571,3571,1201950,1202037,87,"h","h",2614,428,"h","Input"
"3572",3572,3572,1201966,1202083,117,"i","i",2615,428,"i","Input"
"3573",3573,3573,1202081,1202177,96,"s","s",2616,428,"s","Input"
"3574",3574,3574,1202235,1202347,112,"Space","Space",2617,428," ","Input"
"3575",3575,3575,1202391,1202484,93,"b","b",2618,429,"b","Input"
"3576",3576,3576,1202602,1202675,73,"l","l",2619,429,"l","Input"
"3577",3577,3577,1202662,1202734,72,"a","a",2620,429,"a","Input"
"3578",3578,3578,1202877,1202928,51,"Backspace","Backspace",2619,429,"a","Remove/Cut"
"3579",3579,3579,1203026,1203091,65,"Backspace","Backspace",2618,429,"l","Remove/Cut"
"3580",3580,3580,1203205,1203265,60,"a","a",2619,429,"a","Input"
"3581",3581,3581,1203309,1203381,72,"l","l",2620,429,"l","Input"
"3582",3582,3582,1203380,1203470,90,"a","a",2621,429,"a","Input"
"3583",3583,3583,1203500,1203555,55,"n","n",2622,429,"n","Input"
"3584",3584,3584,1203631,1203688,57,"c","c",2623,429,"c","Input"
"3585",3585,3585,1203646,1203757,111,"e","e",2624,429,"e","Input"
"3586",3586,3586,1204040,1204103,63,",",",",2625,429,",","Input"
"3587",3587,3587,1204307,1204393,86,"Space","Space",2626,429," ","Input"
"3588",3588,3588,1207323,1207447,124,"i","i",2627,430,"i","Input"
"3589",3589,3589,1207412,1207498,86,"m","m",2628,430,"m","Input"
"3590",3590,3590,1207497,1207622,125,"a","a",2629,430,"a","Input"
"3591",3591,3591,1207621,1207697,76,"g","g",2630,430,"g","Input"
"3592",3592,3592,1207696,1207801,105,"i","i",2631,430,"i","Input"
"3593",3593,3593,1207732,1207819,87,"n","n",2632,430,"n","Input"
"3594",3594,3594,1207889,1207949,60,"e","e",2633,430,"e","Input"
"3595",3595,3595,1208086,1208184,98,"Space","Space",2634,430," ","Input"
"3596",3596,3596,1208243,1208347,104,"h","h",2635,431,"h","Input"
"3597",3597,3597,1208304,1208428,124,"o","o",2636,431,"o","Input"
"3598",3598,3598,1208497,1208584,87,"w","w",2637,431,"w","Input"
"3599",3599,3599,1208798,1208938,140,"Space","Space",2638,431," ","Input"
"3600",3600,3600,1212384,1212454,70,"m","m",2639,432,"m","Input"
"3601",3601,3601,1212810,1212856,46,"u","u",2640,432,"u","Input"
"3602",3602,3602,1212954,1213051,97,"c","c",2641,432,"c","Input"
"3603",3603,3603,1213060,1213128,68,"h","h",2642,432,"h","Input"
"3604",3604,3604,1213367,1213468,101,"Space","Space",2643,432," ","Input"
"3605",3605,3605,1216290,1216424,134,"m","m",2644,433,"m","Input"
"3606",3606,3606,1216396,1216508,112,"o","o",2645,433,"o","Input"
"3607",3607,3607,1216561,1216673,112,"r","r",2646,433,"r","Input"
"3608",3608,3608,1216621,1216729,108,"e","e",2647,433,"e","Input"
"3609",3609,3609,1223150,1223241,91,"Space","Space",2648,433," ","Input"
"3610",3610,3610,1223281,1223333,52,"s","s",2649,434,"s","Input"
"3611",3611,3611,1223332,1223411,79,"o","o",2650,434,"o","Input"
"3612",3612,3612,1223479,1223552,73,"c","c",2651,434,"c","Input"
"3613",3613,3613,1223637,1223712,75,"i","i",2652,434,"i","Input"
"3614",3614,3614,1223664,1223726,62,"e","e",2653,434,"e","Input"
"3615",3615,3615,1223847,1223907,60,"t","t",2654,434,"t","Input"
"3616",3616,3616,1223977,1224030,53,"y","y",2655,434,"y","Input"
"3617",3617,3617,1224253,1224339,86,"Space","Space",2656,434," ","Input"
"3618",3618,3618,1227121,1227187,66,"Backspace","Backspace",2655,434," ","Remove/Cut"
"3619",3619,3619,1227299,1227367,68,"Backspace","Backspace",2654,434,"y","Remove/Cut"
"3620",3620,3620,1227447,1227494,47,"Backspace","Backspace",2653,434,"t","Remove/Cut"
"3621",3621,3621,1227577,1227641,64,"Backspace","Backspace",2652,434,"e","Remove/Cut"
"3622",3622,3622,1227734,1227798,64,"Backspace","Backspace",2651,434,"i","Remove/Cut"
"3623",3623,3623,1227879,1227947,68,"Backspace","Backspace",2650,434,"c","Remove/Cut"
"3624",3624,3624,1228026,1228093,67,"Backspace","Backspace",2649,434,"o","Remove/Cut"
"3625",3625,3625,1228182,1228228,46,"Backspace","Backspace",2648,433,"s","Remove/Cut"
"3626",3626,3626,1228444,1228516,72,"Backspace","Backspace",2647,433," ","Remove/Cut"
"3627",3627,3627,1228608,1228676,68,"Backspace","Backspace",2646,433,"e","Remove/Cut"
"3628",3628,3628,1228752,1228824,72,"Backspace","Backspace",2645,433,"r","Remove/Cut"
"3629",3629,3629,1228901,1228959,58,"Backspace","Backspace",2644,433,"o","Remove/Cut"
"3630",3630,3630,1229053,1229103,50,"Backspace","Backspace",2643,432,"m","Remove/Cut"
"3631",3631,3631,1229594,1229662,68,"h","h",2644,433,"h","Input"
"3632",3632,3632,1229700,1229819,119,"e","e",2645,433,"e","Input"
"3633",3633,3633,1229772,1229872,100,"a","a",2646,433,"a","Input"
"3634",3634,3634,1229871,1229939,68,"l","l",2647,433,"l","Input"
"3635",3635,3635,1230014,1230085,71,"t","t",2648,433,"t","Input"
"3636",3636,3636,1230084,1230169,85,"h","h",2649,433,"h","Input"
"3637",3637,3637,1230130,1230232,102,"i","i",2650,433,"i","Input"
"3638",3638,3638,1230202,1230364,162,"e","e",2651,433,"e","Input"
"3639",3639,3639,1230321,1230405,84,"r","r",2652,433,"r","Input"
"3640",3640,3640,1230455,1230583,128,"Space","Space",2653,433," ","Input"
"3641",3641,3641,1230663,1230734,71,"s","s",2654,434,"s","Input"
"3642",3642,3642,1230731,1230811,80,"o","o",2655,434,"o","Input"
"3643",3643,3643,1230872,1230948,76,"c","c",2656,434,"c","Input"
"3644",3644,3644,1231056,1231125,69,"i","i",2657,434,"i","Input"
"3645",3645,3645,1231757,1231834,77,"e","e",2658,434,"e","Input"
"3646",3646,3646,1231985,1232036,51,"t","t",2659,434,"t","Input"
"3647",3647,3647,1232107,1232177,70,"y","y",2660,434,"y","Input"
"3648",3648,3648,1233410,1233531,121,"Space","Space",2661,434," ","Input"
"3649",3649,3649,1233543,1233636,93,"a","a",2662,435,"a","Input"
"3650",3650,3650,1233746,1233868,122,"n","n",2663,435,"n","Input"
"3651",3651,3651,1234981,1235042,61,"d","d",2664,435,"d","Input"
"3652",3652,3652,1237893,1237961,68,"Backspace","Backspace",2663,435,"d","Remove/Cut"
"3653",3653,3653,1238044,1238101,57,"Backspace","Backspace",2662,435,"n","Remove/Cut"
"3654",3654,3654,1238190,1238245,55,"Backspace","Backspace",2661,434,"a","Remove/Cut"
"3655",3655,3655,1238335,1238370,35,"Backspace","Backspace",2660,434," ","Remove/Cut"
"3656",3656,3656,1238986,1239058,72,",",",",2661,434,",","Input"
"3657",3657,3657,1239220,1239291,71,"Space","Space",2662,434," ","Input"
"3658",3658,3658,1239418,1239535,117,"t","t",2663,435,"t","Input"
"3659",3659,3659,1239525,1239666,141,"e","e",2664,435,"e","Input"
"3660",3660,3660,1239776,1239847,71,"e","e",2665,435,"e","Input"
"3661",3661,3661,1239922,1240013,91,"n","n",2666,435,"n","Input"
"3662",3662,3662,1240180,1240290,110,"a","a",2667,435,"a","Input"
"3663",3663,3663,1240336,1240411,75,"g","g",2668,435,"g","Input"
"3664",3664,3664,1240476,1240621,145,"e","e",2669,435,"e","Input"
"3665",3665,3665,1240598,1240670,72,"r","r",2670,435,"r","Input"
"3666",3666,3666,1240793,1240893,100,"s","s",2671,435,"s","Input"
"3667",3667,3667,1241106,1241192,86,",",",",2672,435,",","Input"
"3668",3668,3668,1241329,1241401,72,"Space","Space",2673,435," ","Input"
"3669",3669,3669,1241439,1241518,79,"a","a",2674,436,"a","Input"
"3670",3670,3670,1241505,1241566,61,"n","n",2675,436,"n","Input"
"3671",3671,3671,1241602,1241678,76,"d","d",2676,436,"d","Input"
"3672",3672,3672,1241686,1241811,125,"Space","Space",2677,436," ","Input"
"3673",3673,3673,1241810,1241894,84,"p","p",2678,437,"p","Input"
"3674",3674,3674,1241920,1242002,82,"e","e",2679,437,"e","Input"
"3675",3675,3675,1242001,1242085,84,"o","o",2680,437,"o","Input"
"3676",3676,3676,1242044,1242181,137,"p","p",2681,437,"p","Input"
"3677",3677,3677,1242151,1242252,101,"l","l",2682,437,"l","Input"
"3678",3678,3678,1242220,1242294,74,"e","e",2683,437,"e","Input"
"3679",3679,3679,1242397,1242498,101,"Space","Space",2684,437," ","Input"
"3680",3680,3680,1242458,1242528,70,"o","o",2685,438,"o","Input"
"3681",3681,3681,1242579,1242666,87,"f","f",2686,438,"f","Input"
"3682",3682,3682,1242720,1242828,108,"Space","Space",2687,438," ","Input"
"3683",3683,3683,1242892,1242955,63,"e","e",2688,439,"e","Input"
"3684",3684,3684,1243025,1243092,67,"v","v",2689,439,"v","Input"
"3685",3685,3685,1243152,1243279,127,"e","e",2690,439,"e","Input"
"3686",3686,3686,1243260,1243326,66,"r","r",2691,439,"r","Input"
"3687",3687,3687,1243325,1243382,57,"y","y",2692,439,"y","Input"
"3688",3688,3688,1243600,1243713,113,"Space","Space",2693,439," ","Input"
"3689",3689,3689,1243838,1243967,129,"a","a",2694,440,"a","Input"
"3690",3690,3690,1243937,1244051,114,"g","g",2695,440,"g","Input"
"3691",3691,3691,1244015,1244116,101,"e","e",2696,440,"e","Input"
"3692",3692,3692,1244665,1244782,117,"Space","Space",2697,440," ","Input"
"3693",3693,3693,1246396,1246899,503,"Backspace","Backspace",2696,440," ","Remove/Cut"
"3694",3694,3694,1246899,1246977,78,"Backspace","Backspace",2695,440,"e","Remove/Cut"
"3695",3695,3695,1246977,1247066,89,"Backspace","Backspace",2694,440,"g","Remove/Cut"
"3696",3696,3696,1247066,1247146,80,"Backspace","Backspace",2693,439,"a","Remove/Cut"
"3697",3697,3697,1247146,1247232,86,"Backspace","Backspace",2692,439," ","Remove/Cut"
"3698",3698,3698,1247232,1247316,84,"Backspace","Backspace",2691,439,"y","Remove/Cut"
"3699",3699,3699,1247316,1247401,85,"Backspace","Backspace",2690,439,"r","Remove/Cut"
"3700",3700,3700,1247401,1247487,86,"Backspace","Backspace",2689,439,"e","Remove/Cut"
"3701",3701,3701,1247487,1247567,80,"Backspace","Backspace",2688,439,"v","Remove/Cut"
"3702",3702,3702,1247567,1247653,86,"Backspace","Backspace",2687,438,"e","Remove/Cut"
"3703",3703,3703,1247653,1247735,82,"Backspace","Backspace",2686,438," ","Remove/Cut"
"3704",3704,3704,1247735,1247821,86,"Backspace","Backspace",2685,438,"f","Remove/Cut"
"3705",3705,3705,1247821,1247902,81,"Backspace","Backspace",2684,437,"o","Remove/Cut"
"3706",3706,3706,1247902,1247983,81,"Backspace","Backspace",2683,437," ","Remove/Cut"
"3707",3707,3707,1247983,1248070,87,"Backspace","Backspace",2682,437,"e","Remove/Cut"
"3708",3708,3708,1248070,1248156,86,"Backspace","Backspace",2681,437,"l","Remove/Cut"
"3709",3709,3709,1248156,1248240,84,"Backspace","Backspace",2680,437,"p","Remove/Cut"
"3710",3710,3710,1248240,1248321,81,"Backspace","Backspace",2679,437,"o","Remove/Cut"
"3711",3711,3711,1248321,1248409,88,"Backspace","Backspace",2678,437,"e","Remove/Cut"
"3712",3712,3712,1248409,1248492,83,"Backspace","Backspace",2677,436,"p","Remove/Cut"
"3713",3713,3713,1248492,1248576,84,"Backspace","Backspace",2676,436," ","Remove/Cut"
"3714",3714,3714,1248576,1248660,84,"Backspace","Backspace",2675,436,"d","Remove/Cut"
"3715",3715,3715,1248660,1248744,84,"Backspace","Backspace",2674,436,"n","Remove/Cut"
"3716",3716,3716,1248744,1248826,82,"Backspace","Backspace",2673,435,"a","Remove/Cut"
"3717",3717,3717,1248826,1248911,85,"Backspace","Backspace",2672,435," ","Remove/Cut"
"3718",3718,3718,1248911,1248993,82,"Backspace","Backspace",2671,435,",","Remove/Cut"
"3719",3719,3719,1248993,1249077,84,"Backspace","Backspace",2670,435,"s","Remove/Cut"
"3720",3720,3720,1249077,1249156,79,"Backspace","Backspace",2669,435,"r","Remove/Cut"
"3721",3721,3721,1249156,1249243,87,"Backspace","Backspace",2668,435,"e","Remove/Cut"
"3722",3722,3722,1249243,1249326,83,"Backspace","Backspace",2667,435,"g","Remove/Cut"
"3723",3723,3723,1249326,1249410,84,"Backspace","Backspace",2666,435,"a","Remove/Cut"
"3724",3724,3724,1249410,1249494,84,"Backspace","Backspace",2665,435,"n","Remove/Cut"
"3725",3725,3725,1249494,1249555,61,"Backspace","Backspace",2664,435,"e","Remove/Cut"
"3726",3726,3726,1249726,1249776,50,"Backspace","Backspace",2663,435,"e","Remove/Cut"
"3727",3727,3727,1249881,1249948,67,"Backspace","Backspace",2662,434,"t","Remove/Cut"
"3728",3728,3728,1250040,1250090,50,"Backspace","Backspace",2661,434," ","Remove/Cut"
"3729",3729,3729,1250436,1250495,59,"Backspace","Backspace",2660,434,",","Remove/Cut"
"3730",3730,3730,1250772,1250860,88,"Space","Space",2661,434," ","Input"
"3731",3731,3731,1255366,1255471,105,"w","w",2662,435,"w","Input"
"3732",3732,3732,1255451,1255513,62,"o","o",2663,435,"o","Input"
"3733",3733,3733,1255576,1255719,143,"u","u",2664,435,"u","Input"
"3734",3734,3734,1255709,1255804,95,"l","l",2665,435,"l","Input"
"3735",3735,3735,1255876,1255943,67,"d","d",2666,435,"d","Input"
"3736",3736,3736,1256026,1256129,103,"Space","Space",2667,435," ","Input"
"3737",3737,3737,1256658,1256731,73,"b","b",2668,436,"b","Input"
"3738",3738,3738,1256858,1256917,59,"e","e",2669,436,"e","Input"
"3739",3739,3739,1257029,1257138,109,"Space","Space",2670,436," ","Input"
"3740",3740,3740,1257171,1257259,88,"i","i",2671,437,"i","Input"
"3741",3741,3741,1257315,1257395,80,"f","f",2672,437,"f","Input"
"3742",3742,3742,1257495,1257586,91,"Space","Space",2673,437," ","Input"
"3743",3743,3743,1257630,1257687,57,"t","t",2674,438,"t","Input"
"3744",3744,3744,1257686,1257728,42,"h","h",2675,438,"h","Input"
"3745",3745,3745,1257782,1257860,78,"e","e",2676,438,"e","Input"
"3746",3746,3746,1257902,1257989,87,"Space","Space",2677,438," ","Input"
"3747",3747,3747,1258028,1258104,76,"e","e",2678,439,"e","Input"
"3748",3748,3748,1258111,1258182,71,"m","m",2679,439,"m","Input"
"3749",3749,3749,1258257,1258346,89,"p","p",2680,439,"p","Input"
"3750",3750,3750,1258404,1258459,55,"h","h",2681,439,"h","Input"
"3751",3751,3751,1258668,1258751,83,"a","a",2682,439,"a","Input"
"3752",3752,3752,1258884,1258952,68,"s","s",2683,439,"s","Input"
"3753",3753,3753,1258962,1259028,66,"i","i",2684,439,"i","Input"
"3754",3754,3754,1259052,1259133,81,"s","s",2685,439,"s","Input"
"3755",3755,3755,1259205,1259280,75,"Space","Space",2686,439," ","Input"
"3756",3756,3756,1259534,1259617,83,"w","w",2687,440,"w","Input"
"3757",3757,3757,1259626,1259779,153,"a","a",2688,440,"a","Input"
"3758",3758,3758,1259737,1259854,117,"s","s",2689,440,"s","Input"
"3759",3759,3759,1259844,1259935,91,"Space","Space",2690,440," ","Input"
"3760",3760,3760,1259893,1260030,137,"o","o",2691,441,"o","Input"
"3761",3761,3761,1260021,1260090,69,"n","n",2692,441,"n","Input"
"3762",3762,3762,1260173,1260247,74,"Space","Space",2693,441," ","Input"
"3763",3763,3763,1260387,1260452,65,"h","h",2694,442,"h","Input"
"3764",3764,3764,1260547,1260614,67,"e","e",2695,442,"e","Input"
"3765",3765,3765,1260608,1260748,140,"l","l",2696,442,"l","Input"
"3766",3766,3766,1260726,1260865,139,"p","p",2697,442,"p","Input"
"3767",3767,3767,1260877,1261032,155,"i","i",2698,442,"i","Input"
"3768",3768,3768,1260994,1261038,44,"n","n",2699,442,"n","Input"
"3769",3769,3769,1261078,1261154,76,"g","g",2700,442,"g","Input"
"3770",3770,3770,1261206,1261278,72,"Space","Space",2701,442," ","Input"
"3771",3771,3771,1261274,1261354,80,"a","a",2702,443,"a","Input"
"3772",3772,3772,1261374,1261457,83,"n","n",2703,443,"n","Input"
"3773",3773,3773,1261456,1261524,68,"d","d",2704,443,"d","Input"
"3774",3774,3774,1261640,1261717,77,"Space","Space",2705,443," ","Input"
"3775",3775,3775,1262880,1262953,73,"u","u",2706,444,"u","Input"
"3776",3776,3776,1262947,1263011,64,"p","p",2707,444,"p","Input"
"3777",3777,3777,1263130,1263245,115,"l","l",2708,444,"l","Input"
"3778",3778,3778,1263196,1263281,85,"i","i",2709,444,"i","Input"
"3779",3779,3779,1263273,1263350,77,"f","f",2710,444,"f","Input"
"3780",3780,3780,1263452,1263515,63,"t","t",2711,444,"t","Input"
"3781",3781,3781,1263514,1263633,119,"i","i",2712,444,"i","Input"
"3782",3782,3782,1263589,1263663,74,"n","n",2713,444,"n","Input"
"3783",3783,3783,1263694,1263750,56,"g","g",2714,444,"g","Input"
"3784",3784,3784,1263874,1263983,109,"Space","Space",2715,444," ","Input"
"3785",3785,3785,1265683,1265768,85,"o","o",2716,445,"o","Input"
"3786",3786,3786,1265793,1265891,98,"t","t",2717,445,"t","Input"
"3787",3787,3787,1265890,1265946,56,"h","h",2718,445,"h","Input"
"3788",3788,3788,1265969,1266113,144,"e","e",2719,445,"e","Input"
"3789",3789,3789,1266088,1266168,80,"r","r",2720,445,"r","Input"
"3790",3790,3790,1266631,1266727,96,"s","s",2721,445,"s","Input"
"3791",3791,3791,1267452,1267527,75,"Space","Space",2722,445," ","Input"
"3792",3792,3792,1267542,1267650,108,"r","r",2723,446,"r","Input"
"3793",3793,3793,1267620,1267715,95,"a","a",2724,446,"a","Input"
"3794",3794,3794,1267724,1267832,108,"t","t",2725,446,"t","Input"
"3795",3795,3795,1267754,1267844,90,"h","h",2726,446,"h","Input"
"3796",3796,3796,1267843,1267999,156,"e","e",2727,446,"e","Input"
"3797",3797,3797,1267960,1268031,71,"r","r",2728,446,"r","Input"
"3798",3798,3798,1268053,1268127,74,"Space","Space",2729,446," ","Input"
"3799",3799,3799,1268326,1268408,82,"t","t",2730,447,"t","Input"
"3800",3800,3800,1268407,1268446,39,"h","h",2731,447,"h","Input"
"3801",3801,3801,1268442,1268546,104,"a","a",2732,447,"a","Input"
"3802",3802,3802,1268824,1268892,68,"Backspace","Backspace",2731,447,"a","Remove/Cut"
"3803",3803,3803,1268969,1269043,74,"Backspace","Backspace",2730,447,"h","Remove/Cut"
"3804",3804,3804,1269126,1269185,59,"Backspace","Backspace",2729,446,"t","Remove/Cut"
"3805",3805,3805,1269264,1269327,63,"Backspace","Backspace",2728,446," ","Remove/Cut"
"3806",3806,3806,1269413,1269494,81,"Backspace","Backspace",2727,446,"r","Remove/Cut"
"3807",3807,3807,1269568,1269644,76,"Backspace","Backspace",2726,446,"e","Remove/Cut"
"3808",3808,3808,1269718,1269777,59,"Backspace","Backspace",2725,446,"h","Remove/Cut"
"3809",3809,3809,1269872,1269928,56,"Backspace","Backspace",2724,446,"t","Remove/Cut"
"3810",3810,3810,1270016,1270084,68,"Backspace","Backspace",2723,446,"a","Remove/Cut"
"3811",3811,3811,1270157,1270203,46,"Backspace","Backspace",2722,445,"r","Remove/Cut"
"3812",3812,3812,1270431,1270587,156,"i","i",2723,446,"i","Input"
"3813",3813,3813,1270507,1270622,115,"n","n",2724,446,"n","Input"
"3814",3814,3814,1270570,1270671,101,"s","s",2725,446,"s","Input"
"3815",3815,3815,1270655,1270764,109,"t","t",2726,446,"t","Input"
"3816",3816,3816,1270750,1270812,62,"e","e",2727,446,"e","Input"
"3817",3817,3817,1270809,1270932,123,"a","a",2728,446,"a","Input"
"3818",3818,3818,1270900,1271010,110,"d","d",2729,446,"d","Input"
"3819",3819,3819,1271008,1271108,100,"Space","Space",2730,446," ","Input"
"3820",3820,3820,1271066,1271155,89,"o","o",2731,447,"o","Input"
"3821",3821,3821,1271257,1271325,68,"f","f",2732,447,"f","Input"
"3822",3822,3822,1271331,1271435,104,"Space","Space",2733,447," ","Input"
"3823",3823,3823,1271405,1271484,79,"o","o",2734,448,"o","Input"
"3824",3824,3824,1271502,1271570,68,"u","u",2735,448,"u","Input"
"3825",3825,3825,1271555,1271648,93,"r","r",2736,448,"r","Input"
"3826",3826,3826,1271660,1271795,135,"s","s",2737,448,"s","Input"
"3827",3827,3827,1271758,1271802,44,"e","e",2738,448,"e","Input"
"3828",3828,3828,1271808,1271913,105,"l","l",2739,448,"l","Input"
"3829",3829,3829,1272227,1272322,95,"v","v",2740,448,"v","Input"
"3830",3830,3830,1272278,1272414,136,"e","e",2741,448,"e","Input"
"3831",3831,3831,1272367,1272483,116,"s","s",2742,448,"s","Input"
"3832",3832,3832,1272550,1272610,60,".",".",2743,448,".","Input"
"3833",3833,3833,1272825,1272889,64,"Space","Space",2744,448," ","Input"
"3834",3834,3834,1285033,1285033,0,"Shift","Shift",2744,448,"NoChange","Nonproduction"
"3835",3835,3835,1285163,1285258,95,"P","p",2745,449,"P","Input"
"3836",3836,3836,1285276,1285385,109,"e","e",2746,449,"e","Input"
"3837",3837,3837,1285420,1285537,117,"o","o",2747,449,"o","Input"
"3838",3838,3838,1285522,1285680,158,"p","p",2748,449,"p","Input"
"3839",3839,3839,1285661,1285725,64,"l","l",2749,449,"l","Input"
"3840",3840,3840,1285716,1285800,84,"e","e",2750,449,"e","Input"
"3841",3841,3841,1285937,1286067,130,"Space","Space",2751,449," ","Input"
"3842",3842,3842,1286031,1286147,116,"w","w",2752,450,"w","Input"
"3843",3843,3843,1286115,1286172,57,"o","o",2753,450,"o","Input"
"3844",3844,3844,1286201,1286330,129,"u","u",2754,450,"u","Input"
"3845",3845,3845,1286311,1286397,86,"l","l",2755,450,"l","Input"
"3846",3846,3846,1286361,1286462,101,"d","d",2756,450,"d","Input"
"3847",3847,3847,1286495,1286605,110,"Space","Space",2757,450," ","Input"
"3848",3848,3848,1286593,1286677,84,"o","o",2758,451,"o","Input"
"3849",3849,3849,1286717,1286751,34,"b","b",2759,451,"b","Input"
"3850",3850,3850,1286927,1287015,88,"v","v",2760,451,"v","Input"
"3851",3851,3851,1287025,1287167,142,"i","i",2761,451,"i","Input"
"3852",3852,3852,1287076,1287184,108,"o","o",2762,451,"o","Input"
"3853",3853,3853,1287177,1287229,52,"u","u",2763,451,"u","Input"
"3854",3854,3854,1287242,1287319,77,"s","s",2764,451,"s","Input"
"3855",3855,3855,1287350,1287413,63,"l","l",2765,451,"l","Input"
"3856",3856,3856,1287513,1287596,83,"y","y",2766,451,"y","Input"
"3857",3857,3857,1287671,1287766,95,"Space","Space",2767,451," ","Input"
"3858",3858,3858,1288776,1288850,74,"b","b",2768,452,"b","Input"
"3859",3859,3859,1289198,1289244,46,"Backspace","Backspace",2767,451,"b","Remove/Cut"
"3860",3860,3860,1289287,1289393,106,"a","a",2768,452,"a","Input"
"3861",3861,3861,1289403,1289478,75,"n","n",2769,452,"n","Input"
"3862",3862,3862,1289579,1289653,74,"d","d",2770,452,"d","Input"
"3863",3863,3863,1289791,1289874,83,"Space","Space",2771,452," ","Input"
"3864",3864,3864,1290311,1290428,117,"r","r",2772,453,"r","Input"
"3865",3865,3865,1290416,1290491,75,"a","a",2773,453,"a","Input"
"3866",3866,3866,1290543,1290643,100,"d","d",2774,453,"d","Input"
"3867",3867,3867,1290660,1290736,76,"i","i",2775,453,"i","Input"
"3868",3868,3868,1290799,1290876,77,"c","c",2776,453,"c","Input"
"3869",3869,3869,1290821,1290947,126,"a","a",2777,453,"a","Input"
"3870",3870,3870,1290920,1290973,53,"l","l",2778,453,"l","Input"
"3871",3871,3871,1291046,1291082,36,"l","l",2779,453,"l","Input"
"3872",3872,3872,1291179,1291268,89,"y","y",2780,453,"y","Input"
"3873",3873,3873,1291331,1291408,77,"Space","Space",2781,453," ","Input"
"3874",3874,3874,1291505,1291585,80,"b","b",2782,454,"b","Input"
"3875",3875,3875,1291649,1291742,93,"e","e",2783,454,"e","Input"
"3876",3876,3876,1291822,1291919,97,"Space","Space",2784,454," ","Input"
"3877",3877,3877,1292288,1292372,84,"h","h",2785,455,"h","Input"
"3878",3878,3878,1292421,1292508,87,"a","a",2786,455,"a","Input"
"3879",3879,3879,1292522,1292562,40,"p","p",2787,455,"p","Input"
"3880",3880,3880,1292674,1292747,73,"p","p",2788,455,"p","Input"
"3881",3881,3881,1292728,1292818,90,"i","i",2789,455,"i","Input"
"3882",3882,3882,1292964,1293067,103,"e","e",2790,455,"e","Input"
"3883",3883,3883,1294227,1294326,99,"r","r",2791,455,"r","Input"
"3884",3884,3884,1296139,1296242,103,"Space","Space",2792,455," ","Input"
"3885",3885,3885,1296258,1296334,76,"a","a",2793,456,"a","Input"
"3886",3886,3886,1296344,1296430,86,"n","n",2794,456,"n","Input"
"3887",3887,3887,1296457,1296532,75,"d","d",2795,456,"d","Input"
"3888",3888,3888,1296583,1296636,53,"Space","Space",2796,456," ","Input"
"3889",3889,3889,1296651,1296720,69,"f","f",2797,457,"f","Input"
"3890",3890,3890,1296730,1296814,84,"u","u",2798,457,"u","Input"
"3891",3891,3891,1296792,1296874,82,"l","l",2799,457,"l","Input"
"3892",3892,3892,1296927,1297002,75,"f","f",2800,457,"f","Input"
"3893",3893,3893,1296982,1297063,81,"i","i",2801,457,"i","Input"
"3894",3894,3894,1297036,1297103,67,"l","l",2802,457,"l","Input"
"3895",3895,3895,1297181,1297271,90,"l","l",2803,457,"l","Input"
"3896",3896,3896,1297283,1297347,64,"e","e",2804,457,"e","Input"
"3897",3897,3897,1297471,1297535,64,"d","d",2805,457,"d","Input"
"3898",3898,3898,1297679,1297791,112,"Space","Space",2806,457," ","Input"
"3899",3899,3899,1300052,1300161,109,"a","a",2807,458,"a","Input"
"3900",3900,3900,1300160,1300243,83,"n","n",2808,458,"n","Input"
"3901",3901,3901,1300391,1300480,89,"d","d",2809,458,"d","Input"
"3902",3902,3902,1302822,1302890,68,"Space","Space",2810,458," ","Input"
"3903",3903,3903,1306305,1306449,144,"Backspace","Backspace",2809,458," ","Remove/Cut"
"3904",3904,3904,1307059,1307150,91,"Backspace","Backspace",2808,458,"d","Remove/Cut"
"3905",3905,3905,1307267,1307349,82,"Backspace","Backspace",2807,458,"n","Remove/Cut"
"3906",3906,3906,1307481,1307558,77,"Backspace","Backspace",2806,457,"a","Remove/Cut"
"3907",3907,3907,1314967,1315069,102,"i","i",2807,458,"i","Input"
"3908",3908,3908,1315002,1315096,94,"n","n",2808,458,"n","Input"
"3909",3909,3909,1315651,1315753,102,"Space","Space",2809,458," ","Input"
"3910",3910,3910,1315748,1315803,55,"e","e",2810,459,"e","Input"
"3911",3911,3911,1315919,1316003,84,"v","v",2811,459,"v","Input"
"3912",3912,3912,1316077,1316202,125,"e","e",2812,459,"e","Input"
"3913",3913,3913,1316171,1316249,78,"r","r",2813,459,"r","Input"
"3914",3914,3914,1316243,1316333,90,"y","y",2814,459,"y","Input"
"3915",3915,3915,1316362,1316457,95,"Space","Space",2815,459," ","Input"
"3916",3916,3916,1316476,1316554,78,"w","w",2816,460,"w","Input"
"3917",3917,3917,1317033,1317142,109,"a","a",2817,460,"a","Input"
"3918",3918,3918,1317220,1317320,100,"y","y",2818,460,"y","Input"
"3919",3919,3919,1317569,1317684,115,"Space","Space",2819,460," ","Input"
"3920",3920,3920,1317817,1317933,116,"i","i",2820,461,"i","Input"
"3921",3921,3921,1318015,1318106,91,"f","f",2821,461,"f","Input"
"3922",3922,3922,1318735,1318903,168,"Space","Space",2822,461," ","Input"
"3923",3923,3923,1318960,1319053,93,"w","w",2823,462,"w","Input"
"3924",3924,3924,1319018,1319118,100,"e","e",2824,462,"e","Input"
"3925",3925,3925,1319170,1319271,101,"Space","Space",2825,462," ","Input"
"3926",3926,3926,1319262,1319364,102,"c","c",2826,463,"c","Input"
"3927",3927,3927,1319332,1319418,86,"o","o",2827,463,"o","Input"
"3928",3928,3928,1319426,1319546,120,"u","u",2828,463,"u","Input"
"3929",3929,3929,1319545,1319618,73,"l","l",2829,463,"l","Input"
"3930",3930,3930,1319616,1319702,86,"d","d",2830,463,"d","Input"
"3931",3931,3931,1319738,1319849,111,"Space","Space",2831,463," ","Input"
"3932",3932,3932,1319831,1319919,88,"a","a",2832,464,"a","Input"
"3933",3933,3933,1319913,1319980,67,"l","l",2833,464,"l","Input"
"3934",3934,3934,1320061,1320138,77,"l","l",2834,464,"l","Input"
"3935",3935,3935,1320137,1320240,103,"Space","Space",2835,464," ","Input"
"3936",3936,3936,1320209,1320287,78,"j","j",2836,465,"j","Input"
"3937",3937,3937,1320384,1320438,54,"u","u",2837,465,"u","Input"
"3938",3938,3938,1320437,1320576,139,"s","s",2838,465,"s","Input"
"3939",3939,3939,1320699,1320769,70,"t","t",2839,465,"t","Input"
"3940",3940,3940,1320828,1320968,140,"Space","Space",2840,465," ","Input"
"3941",3941,3941,1324178,1324277,99,"t","t",2841,466,"t","Input"
"3942",3942,3942,1324222,1324298,76,"h","h",2842,466,"h","Input"
"3943",3943,3943,1324270,1324343,73,"i","i",2843,466,"i","Input"
"3944",3944,3944,1324453,1324527,74,"n","n",2844,466,"n","Input"
"3945",3945,3945,1324472,1324551,79,"k","k",2845,466,"k","Input"
"3946",3946,3946,1324656,1324714,58,"i","i",2846,466,"i","Input"
"3947",3947,3947,1324806,1324895,89,"Space","Space",2847,466," ","Input"
"3948",3948,3948,1324894,1324942,48,"b","b",2848,467,"b","Input"
"3949",3949,3949,1325063,1325118,55,"e","e",2849,467,"e","Input"
"3950",3950,3950,1325184,1325243,59,"y","y",2850,467,"y","Input"
"3951",3951,3951,1325273,1325423,150,"o","o",2851,467,"o","Input"
"3952",3952,3952,1325464,1325547,83,"d","d",2852,467,"d","Input"
"3953",3953,3953,1325568,1325695,127,"Space","Space",2853,467," ","Input"
"3954",3954,3954,1325647,1325762,115,"o","o",2854,468,"o","Input"
"3955",3955,3955,1325750,1325814,64,"u","u",2855,468,"u","Input"
"3956",3956,3956,1325823,1325900,77,"r","r",2856,468,"r","Input"
"3957",3957,3957,1326095,1326153,58,"Backspace","Backspace",2855,468,"r","Remove/Cut"
"3958",3958,3958,1326244,1326301,57,"Backspace","Backspace",2854,468,"u","Remove/Cut"
"3959",3959,3959,1326387,1326454,67,"Backspace","Backspace",2853,467,"o","Remove/Cut"
"3960",3960,3960,1326532,1326603,71,"Backspace","Backspace",2852,467," ","Remove/Cut"
"3961",3961,3961,1326678,1326725,47,"Backspace","Backspace",2851,467,"d","Remove/Cut"
"3962",3962,3962,1326823,1326868,45,"Backspace","Backspace",2850,467,"o","Remove/Cut"
"3963",3963,3963,1327419,1327565,146,"o","o",2851,467,"o","Input"
"3964",3964,3964,1327507,1327568,61,"n","n",2852,467,"n","Input"
"3965",3965,3965,1327657,1327733,76,"d","d",2853,467,"d","Input"
"3966",3966,3966,1327759,1327859,100,"Space","Space",2854,467," ","Input"
"3967",3967,3967,1327858,1327925,67,"o","o",2855,468,"o","Input"
"3968",3968,3968,1327954,1328016,62,"u","u",2856,468,"u","Input"
"3969",3969,3969,1328058,1328099,41,"r","r",2857,468,"r","Input"
"3970",3970,3970,1328191,1328354,163,"s","s",2858,468,"s","Input"
"3971",3971,3971,1328347,1328434,87,"e","e",2859,468,"e","Input"
"3972",3972,3972,1328502,1328597,95,"l","l",2860,468,"l","Input"
"3973",3973,3973,1328675,1328782,107,"v","v",2861,468,"v","Input"
"3974",3974,3974,1328793,1328931,138,"e","e",2862,468,"e","Input"
"3975",3975,3975,1328848,1328954,106,"s","s",2863,468,"s","Input"
"3976",3976,3976,1329053,1329157,104,"Space","Space",2864,468," ","Input"
"3977",3977,3977,1329124,1329226,102,"a","a",2865,469,"a","Input"
"3978",3978,3978,1329235,1329317,82,"n","n",2866,469,"n","Input"
"3979",3979,3979,1329311,1329389,78,"d","d",2867,469,"d","Input"
"3980",3980,3980,1329526,1329619,93,"Space","Space",2868,469," ","Input"
"3981",3981,3981,1329584,1329656,72,"w","w",2869,470,"w","Input"
"3982",3982,3982,1329708,1329770,62,"h","h",2870,470,"h","Input"
"3983",3983,3983,1329824,1329954,130,"a","a",2871,470,"a","Input"
"3984",3984,3984,1329927,1330030,103,"t","t",2872,470,"t","Input"
"3985",3985,3985,1330227,1330338,111,"Space","Space",2873,470," ","Input"
"3986",3986,3986,1331119,1331223,104,"w","w",2874,471,"w","Input"
"3987",3987,3987,1331176,1331267,91,"e","e",2875,471,"e","Input"
"3988",3988,3988,1331285,1331376,91,"Space","Space",2876,471," ","Input"
"3989",3989,3989,1331405,1331483,78,"o","o",2877,472,"o","Input"
"3990",3990,3990,1331536,1331646,110,"w","w",2878,472,"w","Input"
"3991",3991,3991,1331643,1331710,67,"n","n",2879,472,"n","Input"
"3992",3992,3992,1333456,1333519,63,"Backspace","Backspace",2878,472,"n","Remove/Cut"
"3993",3993,3993,1333613,1333676,63,"Backspace","Backspace",2877,472,"w","Remove/Cut"
"3994",3994,3994,1333761,1333825,64,"Backspace","Backspace",2876,471,"o","Remove/Cut"
"3995",3995,3995,1334078,1334196,118,"p","p",2877,472,"p","Input"
"3996",3996,3996,1334130,1334239,109,"o","o",2878,472,"o","Input"
"3997",3997,3997,1334257,1334335,78,"s","s",2879,472,"s","Input"
"3998",3998,3998,1334451,1334538,87,"s","s",2880,472,"s","Input"
"3999",3999,3999,1334581,1334710,129,"e","e",2881,472,"e","Input"
"4000",4000,4000,1334682,1334801,119,"s","s",2882,472,"s","Input"
"4001",4001,4001,1334884,1334959,75,"s","s",2883,472,"s","Input"
"4002",4002,4002,1336027,1336087,60,".",".",2884,472,".","Input"
"4003",4003,4003,1336317,1336367,50,"Space","Space",2885,472," ","Input"
"4004",4004,4004,1341865,1341865,0,"Shift","Shift",2885,472,"NoChange","Nonproduction"
"4005",4005,4005,1342244,1342244,0,"Shift","Shift",2885,472,"NoChange","Nonproduction"
"4006",4006,4006,1342348,1342473,125,"M","m",2886,473,"M","Input"
"4007",4007,4007,1342555,1342639,84,"a","a",2887,473,"a","Input"
"4008",4008,4008,1342703,1342789,86,"t","t",2888,473,"t","Input"
"4009",4009,4009,1342805,1342981,176,"e","e",2889,473,"e","Input"
"4010",4010,4010,1342952,1343006,54,"r","r",2890,473,"r","Input"
"4011",4011,4011,1344942,1344996,54,"i","i",2891,473,"i","Input"
"4012",4012,4012,1345075,1345190,115,"a","a",2892,473,"a","Input"
"4013",4013,4013,1345159,1345270,111,"l","l",2893,473,"l","Input"
"4014",4014,4014,1345280,1345388,108,"i","i",2894,473,"i","Input"
"4015",4015,4015,1345475,1345581,106,"s","s",2895,473,"s","Input"
"4016",4016,4016,1345609,1345692,83,"m","m",2896,473,"m","Input"
"4017",4017,4017,1347524,1347625,101,"Space","Space",2897,473," ","Input"
"4018",4018,4018,1347624,1347762,138,"a","a",2898,474,"a","Input"
"4019",4019,4019,1347736,1347813,77,"t","t",2899,474,"t","Input"
"4020",4020,4020,1347812,1347930,118,"Space","Space",2900,474," ","Input"
"4021",4021,4021,1347911,1347994,83,"i","i",2901,475,"i","Input"
"4022",4022,4022,1348053,1348144,91,"t","t",2902,475,"t","Input"
"4023",4023,4023,1348232,1348319,87,"s","s",2903,475,"s","Input"
"4024",4024,4024,1348414,1348502,88,"Space","Space",2904,475," ","Input"
"4025",4025,4025,1348499,1348557,58,"c","c",2905,476,"c","Input"
"4026",4026,4026,1348601,1348673,72,"o","o",2906,476,"o","Input"
"4027",4027,4027,1348755,1348874,119,"r","r",2907,476,"r","Input"
"4028",4028,4028,1348841,1348945,104,"e","e",2908,476,"e","Input"
"4029",4029,4029,1350526,1350650,124,"Space","Space",2909,476," ","Input"
"4030",4030,4030,1354134,1354216,82,"c","c",2910,477,"c","Input"
"4031",4031,4031,1354193,1354317,124,"o","o",2911,477,"o","Input"
"4032",4032,4032,1354258,1354352,94,"m","m",2912,477,"m","Input"
"4033",4033,4033,1354633,1354743,110,"b","b",2913,477,"b","Input"
"4034",4034,4034,1354755,1354879,124,"a","a",2914,477,"a","Input"
"4035",4035,4035,1355015,1355080,65,"t","t",2915,477,"t","Input"
"4036",4036,4036,1355277,1355340,63,"s","s",2916,477,"s","Input"
"4037",4037,4037,1356270,1356397,127,"Space","Space",2917,477," ","Input"
"4038",4038,4038,1356628,1356736,108,"h","h",2918,478,"h","Input"
"4039",4039,4039,1356680,1356783,103,"u","u",2919,478,"u","Input"
"4040",4040,4040,1356953,1357081,128,"m","m",2920,478,"m","Input"
"4041",4041,4041,1357316,1357428,112,"a","a",2921,478,"a","Input"
"4042",4042,4042,1357437,1357508,71,"n","n",2922,478,"n","Input"
"4043",4043,4043,1357589,1357701,112,"Space","Space",2923,478," ","Input"
"4044",4044,4044,1357697,1357789,92,"n","n",2924,479,"n","Input"
"4045",4045,4045,1357825,1357922,97,"a","a",2925,479,"a","Input"
"4046",4046,4046,1358450,1358473,23,"Backspace","Backspace",2924,479,"a","Remove/Cut"
"4047",4047,4047,1358593,1358657,64,"Backspace","Backspace",2923,478,"n","Remove/Cut"
"4048",4048,4048,1358756,1358825,69,"Backspace","Backspace",2922,478," ","Remove/Cut"
"4049",4049,4049,1358922,1358993,71,"Backspace","Backspace",2921,478,"n","Remove/Cut"
"4050",4050,4050,1359086,1359156,70,"Backspace","Backspace",2920,478,"a","Remove/Cut"
"4051",4051,4051,1359234,1359316,82,"Backspace","Backspace",2919,478,"m","Remove/Cut"
"4052",4052,4052,1359399,1359483,84,"Backspace","Backspace",2918,478,"u","Remove/Cut"
"4053",4053,4053,1359564,1359606,42,"Backspace","Backspace",2917,477,"h","Remove/Cut"
"4054",4054,4054,1361871,1361927,56,"Backspace","Backspace",2916,477," ","Remove/Cut"
"4055",4055,4055,1362019,1362082,63,"Backspace","Backspace",2915,477,"s","Remove/Cut"
"4056",4056,4056,1362109,1362188,79,"Backspace","Backspace",2914,477,"t","Remove/Cut"
"4057",4057,4057,1362276,1362334,58,"Backspace","Backspace",2913,477,"a","Remove/Cut"
"4058",4058,4058,1362414,1362466,52,"Backspace","Backspace",2912,477,"b","Remove/Cut"
"4059",4059,4059,1362545,1362609,64,"Backspace","Backspace",2911,477,"m","Remove/Cut"
"4060",4060,4060,1362695,1362749,54,"Backspace","Backspace",2910,477,"o","Remove/Cut"
"4061",4061,4061,1362827,1362874,47,"Backspace","Backspace",2909,476,"c","Remove/Cut"
"4062",4062,4062,1363045,1363136,91,"g","g",2910,477,"g","Input"
"4063",4063,4063,1363135,1363226,91,"o","o",2911,477,"o","Input"
"4064",4064,4064,1363242,1363383,141,"e","e",2912,477,"e","Input"
"4065",4065,4065,1363325,1363406,81,"s","s",2913,477,"s","Input"
"4066",4066,4066,1363427,1363550,123,"Space","Space",2914,477," ","Input"
"4067",4067,4067,1363568,1363614,46,"a","a",2915,478,"a","Input"
"4068",4068,4068,1363622,1363730,108,"g","g",2916,478,"g","Input"
"4069",4069,4069,1363729,1363808,79,"a","a",2917,478,"a","Input"
"4070",4070,4070,1363818,1363924,106,"i","i",2918,478,"i","Input"
"4071",4071,4071,1363864,1363933,69,"n","n",2919,478,"n","Input"
"4072",4072,4072,1363971,1364082,111,"s","s",2920,478,"s","Input"
"4073",4073,4073,1364081,1364162,81,"t","t",2921,478,"t","Input"
"4074",4074,4074,1364428,1364543,115,"Space","Space",2922,478," ","Input"
"4075",4075,4075,1366220,1366318,98,"t","t",2923,479,"t","Input"
"4076",4076,4076,1366290,1366395,105,"h","h",2924,479,"h","Input"
"4077",4077,4077,1366682,1366727,45,"Backspace","Backspace",2923,479,"h","Remove/Cut"
"4078",4078,4078,1366825,1366898,73,"Backspace","Backspace",2922,478,"t","Remove/Cut"
"4079",4079,4079,1367394,1367474,80,"h","h",2923,479,"h","Input"
"4080",4080,4080,1367428,1367539,111,"u","u",2924,479,"u","Input"
"4081",4081,4081,1367873,1367962,89,"m","m",2925,479,"m","Input"
"4082",4082,4082,1368057,1368136,79,"a","a",2926,479,"a","Input"
"4083",4083,4083,1368127,1368199,72,"n","n",2927,479,"n","Input"
"4084",4084,4084,1368299,1368431,132,"s","s",2928,479,"s","Input"
"4085",4085,4085,1369120,1369242,122,"Space","Space",2929,479," ","Input"
"4086",4086,4086,1369366,1369428,62,"h","h",2930,480,"h","Input"
"4087",4087,4087,1369469,1369556,87,"e","e",2931,480,"e","Input"
"4088",4088,4088,1369541,1369652,111,"l","l",2932,480,"l","Input"
"4089",4089,4089,1369633,1369742,109,"p","p",2933,480,"p","Input"
"4090",4090,4090,1369752,1369876,124,"i","i",2934,480,"i","Input"
"4091",4091,4091,1369843,1369902,59,"n","n",2935,480,"n","Input"
"4092",4092,4092,1369897,1369961,64,"g","g",2936,480,"g","Input"
"4093",4093,4093,1370040,1370144,104,"Space","Space",2937,480," ","Input"
"4094",4094,4094,1370073,1370164,91,"e","e",2938,481,"e","Input"
"4095",4095,4095,1370182,1370346,164,"a","a",2939,481,"a","Input"
"4096",4096,4096,1370292,1370355,63,"c","c",2940,481,"c","Input"
"4097",4097,4097,1370390,1370445,55,"h","h",2941,481,"h","Input"
"4098",4098,4098,1370531,1370634,103,"Space","Space",2942,481," ","Input"
"4099",4099,4099,1370609,1370689,80,"o","o",2943,482,"o","Input"
"4100",4100,4100,1370633,1370747,114,"t","t",2944,482,"t","Input"
"4101",4101,4101,1370783,1370865,82,"h","h",2945,482,"h","Input"
"4102",4102,4102,1370896,1371045,149,"e","e",2946,482,"e","Input"
"4103",4103,4103,1371003,1371080,77,"r","r",2947,482,"r","Input"
"4104",4104,4104,1373849,1373928,79,"Leftclick","Leftclick",2847,482,"NoChange","Nonproduction"
"4105",4105,4105,1374697,1374799,102,"ArrowLeft","ArrowLeft",2846,482,"NoChange","Nonproduction"
"4106",4106,4106,1374962,1375011,49,"Backspace","Backspace",2845,482,"i","Remove/Cut"
"4107",4107,4107,1378156,1378229,73,"Leftclick","Leftclick",2946,482,"NoChange","Nonproduction"
"4108",4108,4108,1380933,1381037,104,"Space","Space",2947,482," ","Input"
"4109",4109,4109,1381073,1381168,95,"a","a",2948,483,"a","Input"
"4110",4110,4110,1381182,1381243,61,"n","n",2949,483,"n","Input"
"4111",4111,4111,1381259,1381359,100,"d","d",2950,483,"d","Input"
"4112",4112,4112,1381391,1381486,95,"Space","Space",2951,483," ","Input"
"4113",4113,4113,1381552,1381649,97,"o","o",2952,484,"o","Input"
"4114",4114,4114,1381647,1381761,114,"n","n",2953,484,"n","Input"
"4115",4115,4115,1381757,1381841,84,"l","l",2954,484,"l","Input"
"4116",4116,4116,1381997,1382092,95,"y","y",2955,484,"y","Input"
"4117",4117,4117,1382155,1382242,87,"Space","Space",2956,484," ","Input"
"4118",4118,4118,1382303,1382410,107,"s","s",2957,485,"s","Input"
"4119",4119,4119,1382535,1382565,30,"e","e",2958,485,"e","Input"
"4120",4120,4120,1382665,1382702,37,"e","e",2959,485,"e","Input"
"4121",4121,4121,1382792,1382883,91,"k","k",2960,485,"k","Input"
"4122",4122,4122,1382905,1382984,79,"s","s",2961,485,"s","Input"
"4123",4123,4123,1383081,1383179,98,"Space","Space",2962,485," ","Input"
"4124",4124,4124,1383189,1383259,70,"t","t",2963,486,"t","Input"
"4125",4125,4125,1383276,1383387,111,"o","o",2964,486,"o","Input"
"4126",4126,4126,1383399,1383496,97,"Space","Space",2965,486," ","Input"
"4127",4127,4127,1384979,1385042,63,"g","g",2966,487,"g","Input"
"4128",4128,4128,1385168,1385227,59,"r","r",2967,487,"r","Input"
"4129",4129,4129,1385246,1385321,75,"o","o",2968,487,"o","Input"
"4130",4130,4130,1385320,1385413,93,"w","w",2969,487,"w","Input"
"4131",4131,4131,1385590,1385682,92,"Space","Space",2970,487," ","Input"
"4132",4132,4132,1388052,1388169,117,"o","o",2971,488,"o","Input"
"4133",4133,4133,1388108,1388175,67,"n","n",2972,488,"n","Input"
"4134",4134,4134,1388248,1388311,63,"e","e",2973,488,"e","Input"
"4135",4135,4135,1388339,1388387,48,"'","'",2974,488,"'","Input"
"4136",4136,4136,1388451,1388536,85,"s","s",2975,488,"s","Input"
"4137",4137,4137,1388535,1388651,116,"Space","Space",2976,488," ","Input"
"4138",4138,4138,1388640,1388718,78,"o","o",2977,489,"o","Input"
"4139",4139,4139,1388731,1388811,80,"w","w",2978,489,"w","Input"
"4140",4140,4140,1388862,1388928,66,"n","n",2979,489,"n","Input"
"4141",4141,4141,1389116,1389215,99,"Space","Space",2980,489," ","Input"
"4142",4142,4142,1391914,1391996,82,"s","s",2981,490,"s","Input"
"4143",4143,4143,1392075,1392168,93,"t","t",2982,490,"t","Input"
"4144",4144,4144,1392189,1392340,151,"a","a",2983,490,"a","Input"
"4145",4145,4145,1392268,1392367,99,"t","t",2984,490,"t","Input"
"4146",4146,4146,1392434,1392497,63,"u","u",2985,490,"u","Input"
"4147",4147,4147,1392557,1392657,100,"s","s",2986,490,"s","Input"
"4148",4148,4148,1394137,1394179,42,"Space","Space",2987,490," ","Input"
"4149",4149,4149,1394229,1394293,64,"a","a",2988,491,"a","Input"
"4150",4150,4150,1394330,1394430,100,"n","n",2989,491,"n","Input"
"4151",4151,4151,1394455,1394538,83,"d","d",2990,491,"d","Input"
"4152",4152,4152,1394561,1394629,68,"Space","Space",2991,491," ","Input"
"4153",4153,4153,1394618,1394754,136,"i","i",2992,492,"i","Input"
"4154",4154,4154,1394687,1394782,95,"m","m",2993,492,"m","Input"
"4155",4155,4155,1394733,1394854,121,"a","a",2994,492,"a","Input"
"4156",4156,4156,1394843,1394962,119,"g","g",2995,492,"g","Input"
"4157",4157,4157,1394913,1395022,109,"e","e",2996,492,"e","Input"
"4158",4158,4158,1398155,1398254,99,".",".",2997,492,".","Input"
"4159",4159,4159,1398537,1398574,37,"Space","Space",2998,492," ","Input"
"4160",4160,4160,1401116,1401116,0,"Shift","Shift",2998,492,"NoChange","Nonproduction"
"4161",4161,4161,1401222,1401326,104,"T","t",2999,493,"T","Input"
"4162",4162,4162,1401371,1401451,80,"h","h",3000,493,"h","Input"
"4163",4163,4163,1401437,1401502,65,"i","i",3001,493,"i","Input"
"4164",4164,4164,1401500,1401572,72,"s","s",3002,493,"s","Input"
"4165",4165,4165,1401583,1401704,121,"Space","Space",3003,493," ","Input"
"4166",4166,4166,1401658,1401731,73,"i","i",3004,494,"i","Input"
"4167",4167,4167,1401754,1401829,75,"s","s",3005,494,"s","Input"
"4168",4168,4168,1401895,1401972,77,"Space","Space",3006,494," ","Input"
"4169",4169,4169,1401971,1402046,75,"w","w",3007,495,"w","Input"
"4170",4170,4170,1402055,1402103,48,"h","h",3008,495,"h","Input"
"4171",4171,4171,1402227,1402282,55,"y","y",3009,495,"y","Input"
"4172",4172,4172,1402353,1402448,95,"Space","Space",3010,495," ","Input"
"4173",4173,4173,1402864,1402949,85,"m","m",3011,496,"m","Input"
"4174",4174,4174,1402902,1403056,154,"a","a",3012,496,"a","Input"
"4175",4175,4175,1403048,1403139,91,"t","t",3013,496,"t","Input"
"4176",4176,4176,1403116,1403272,156,"e","e",3014,496,"e","Input"
"4177",4177,4177,1403252,1403321,69,"r","r",3015,496,"r","Input"
"4178",4178,4178,1403306,1403383,77,"i","i",3016,496,"i","Input"
"4179",4179,4179,1403494,1403586,92,"a","a",3017,496,"a","Input"
"4180",4180,4180,1403625,1403753,128,"l","l",3018,496,"l","Input"
"4181",4181,4181,1403730,1403859,129,"i","i",3019,496,"i","Input"
"4182",4182,4182,1404005,1404129,124,"s","s",3020,496,"s","Input"
"4183",4183,4183,1404146,1404224,78,"m","m",3021,496,"m","Input"
"4184",4184,4184,1404357,1404435,78,"Space","Space",3022,496," ","Input"
"4185",4185,4185,1404448,1404574,126,"s","s",3023,497,"s","Input"
"4186",4186,4186,1404536,1404610,74,"h","h",3024,497,"h","Input"
"4187",4187,4187,1404620,1404693,73,"o","o",3025,497,"o","Input"
"4188",4188,4188,1404726,1404851,125,"u","u",3026,497,"u","Input"
"4189",4189,4189,1404829,1404918,89,"l","l",3027,497,"l","Input"
"4190",4190,4190,1404902,1404996,94,"d","d",3028,497,"d","Input"
"4191",4191,4191,1405061,1405176,115,"Space","Space",3029,497," ","Input"
"4192",4192,4192,1408077,1408144,67,"Backspace","Backspace",3028,497," ","Remove/Cut"
"4193",4193,4193,1408217,1408278,61,"Backspace","Backspace",3027,497,"d","Remove/Cut"
"4194",4194,4194,1408362,1408420,58,"Backspace","Backspace",3026,497,"l","Remove/Cut"
"4195",4195,4195,1408492,1408549,57,"Backspace","Backspace",3025,497,"u","Remove/Cut"
"4196",4196,4196,1408625,1408669,44,"Backspace","Backspace",3024,497,"o","Remove/Cut"
"4197",4197,4197,1408762,1408810,48,"Backspace","Backspace",3023,497,"h","Remove/Cut"
"4198",4198,4198,1408875,1408916,41,"Backspace","Backspace",3022,496,"s","Remove/Cut"
"4199",4199,4199,1409085,1409155,70,"i","i",3023,497,"i","Input"
"4200",4200,4200,1409208,1409311,103,"s","s",3024,497,"s","Input"
"4201",4201,4201,1409306,1409399,93,"Space","Space",3025,497," ","Input"
"4202",4202,4202,1409458,1409517,59,"a","a",3026,498,"a","Input"
"4203",4203,4203,1409516,1409584,68,"n","n",3027,498,"n","Input"
"4204",4204,4204,1409612,1409685,73,"d","d",3028,498,"d","Input"
"4205",4205,4205,1409711,1409783,72,"Space","Space",3029,498," ","Input"
"4206",4206,4206,1409772,1409886,114,"s","s",3030,499,"s","Input"
"4207",4207,4207,1409821,1409872,51,"h","h",3031,499,"h","Input"
"4208",4208,4208,1409880,1409940,60,"o","o",3032,499,"o","Input"
"4209",4209,4209,1409992,1410082,90,"u","u",3033,499,"u","Input"
"4210",4210,4210,1410053,1410140,87,"l","l",3034,499,"l","Input"
"4211",4211,4211,1410134,1410211,77,"d","d",3035,499,"d","Input"
"4212",4212,4212,1410253,1410380,127,"Space","Space",3036,499," ","Input"
"4213",4213,4213,1410358,1410401,43,"b","b",3037,500,"b","Input"
"4214",4214,4214,1410527,1410590,63,"e","e",3038,500,"e","Input"
"4215",4215,4215,1410704,1410818,114,"Space","Space",3039,500," ","Input"
"4216",4216,4216,1410800,1410892,92,"c","c",3040,501,"c","Input"
"4217",4217,4217,1411048,1411113,65,"r","r",3041,501,"r","Input"
"4218",4218,4218,1411168,1411228,60,"i","i",3042,501,"i","Input"
"4219",4219,4219,1411222,1411297,75,"t","t",3043,501,"t","Input"
"4220",4220,4220,1411340,1411406,66,"i","i",3044,501,"i","Input"
"4221",4221,4221,1411611,1411663,52,"c","c",3045,501,"c","Input"
"4222",4222,4222,1411730,1411799,69,"i","i",3046,501,"i","Input"
"4223",4223,4223,1411872,1411959,87,"z","z",3047,501,"z","Input"
"4224",4224,4224,1412078,1412116,38,"e","e",3048,501,"e","Input"
"4225",4225,4225,1412552,1412624,72,"d","d",3049,501,"d","Input"
"4226",4226,4226,1412715,1412813,98,"Space","Space",3050,501," ","Input"
"4227",4227,4227,1419051,1419129,78,"a","a",3051,502,"a","Input"
"4228",4228,4228,1419121,1419181,60,"n","n",3052,502,"n","Input"
"4229",4229,4229,1419239,1419304,65,"d","d",3053,502,"d","Input"
"4230",4230,4230,1419333,1419433,100,"Space","Space",3054,502," ","Input"
"4231",4231,4231,1419426,1419471,45,"d","d",3055,503,"d","Input"
"4232",4232,4232,1419589,1419696,107,"e","e",3056,503,"e","Input"
"4233",4233,4233,1419663,1419716,53,"f","f",3057,503,"f","Input"
"4234",4234,4234,1419703,1419769,66,"i","i",3058,503,"i","Input"
"4235",4235,4235,1419818,1419885,67,"n","n",3059,503,"n","Input"
"4236",4236,4236,1419867,1419925,58,"i","i",3060,503,"i","Input"
"4237",4237,4237,1419940,1420047,107,"t","t",3061,503,"t","Input"
"4238",4238,4238,1419967,1420084,117,"e","e",3062,503,"e","Input"
"4239",4239,4239,1420551,1420582,31,"l","l",3063,503,"l","Input"
"4240",4240,4240,1420794,1420843,49,"y","y",3064,503,"y","Input"
"4241",4241,4241,1420956,1421080,124,"Space","Space",3065,503," ","Input"
"4242",4242,4242,1421074,1421164,90,"n","n",3066,504,"n","Input"
"4243",4243,4243,1421142,1421236,94,"o","o",3067,504,"o","Input"
"4244",4244,4244,1421352,1421444,92,"t","t",3068,504,"t","Input"
"4245",4245,4245,1421605,1421703,98,"Space","Space",3069,504," ","Input"
"4246",4246,4246,1423035,1423072,37,"p","p",3070,505,"p","Input"
"4247",4247,4247,1423141,1423224,83,"r","r",3071,505,"r","Input"
"4248",4248,4248,1423201,1423269,68,"o","o",3072,505,"o","Input"
"4249",4249,4249,1423312,1423401,89,"m","m",3073,505,"m","Input"
"4250",4250,4250,1423385,1423459,74,"o","o",3074,505,"o","Input"
"4251",4251,4251,1423539,1423642,103,"t","t",3075,505,"t","Input"
"4252",4252,4252,1423609,1423711,102,"e","e",3076,505,"e","Input"
"4253",4253,4253,1423834,1423929,95,"d","d",3077,505,"d","Input"
"4254",4254,4254,1425452,1425541,89,"Space","Space",3078,505," ","Input"
"4255",4255,4255,1425540,1425686,146,"i","i",3079,506,"i","Input"
"4256",4256,4256,1425635,1425751,116,"n","n",3080,506,"n","Input"
"4257",4257,4257,1425838,1425937,99,"Space","Space",3081,506," ","Input"
"4258",4258,4258,1425911,1425972,61,"o","o",3082,507,"o","Input"
"4259",4259,4259,1426033,1426102,69,"u","u",3083,507,"u","Input"
"4260",4260,4260,1426138,1426206,68,"r","r",3084,507,"r","Input"
"4261",4261,4261,1426267,1426360,93,"Space","Space",3085,507," ","Input"
"4262",4262,4262,1426376,1426485,109,"s","s",3086,508,"s","Input"
"4263",4263,4263,1426513,1426605,92,"o","o",3087,508,"o","Input"
"4264",4264,4264,1426710,1426774,64,"c","c",3088,508,"c","Input"
"4265",4265,4265,1427341,1427420,79,"i","i",3089,508,"i","Input"
"4266",4266,4266,1427499,1427572,73,"e","e",3090,508,"e","Input"
"4267",4267,4267,1427680,1427771,91,"t","t",3091,508,"t","Input"
"4268",4268,4268,1427817,1427864,47,"y","y",3092,508,"y","Input"
"4269",4269,4269,1428213,1428282,69,".",".",3093,508,".","Input"
"4270",4270,4270,1442206,1443947,1741,"Leftclick","Leftclick",78,508,"NoChange","Nonproduction"
"4271",4271,4271,1468325,1468372,47,"p","p",56,505,"everyone else deems bad => p","Replace"
"4272",4272,4272,1468456,1468562,106,"r","r",57,505,"r","Input"
"4273",4273,4273,1468504,1468587,83,"o","o",58,505,"o","Input"
"4274",4274,4274,1468630,1468749,119,"m","m",59,505,"m","Input"
"4275",4275,4275,1468697,1468798,101,"o","o",60,505,"o","Input"
"4276",4276,4276,1468848,1468977,129,"t","t",61,505,"t","Input"
"4277",4277,4277,1468935,1469084,149,"e","e",62,505,"e","Input"
"4278",4278,4278,1469016,1469140,124,"s","s",63,505,"s","Input"
"4279",4279,4279,1470388,1470540,152,"Space","Space",64,505," ","Input"
"4280",4280,4280,1498825,1498908,83,"n","n",65,506,"n","Input"
"4281",4281,4281,1498907,1498982,75,"e","e",66,506,"e","Input"
"4282",4282,4282,1499088,1499208,120,"g","g",67,506,"g","Input"
"4283",4283,4283,1499207,1499293,86,"a","a",68,506,"a","Input"
"4284",4284,4284,1499342,1499406,64,"t","t",69,506,"t","Input"
"4285",4285,4285,1499479,1499528,49,"i","i",70,506,"i","Input"
"4286",4286,4286,1499574,1499621,47,"b","b",71,506,"b","Input"
"4287",4287,4287,1499673,1499735,62,"i","i",72,506,"i","Input"
"4288",4288,4288,1499779,1499841,62,"t","t",73,506,"t","Input"
"4289",4289,4289,1499951,1499985,34,"y","y",74,506,"y","Input"
"4290",4290,4290,1500181,1500242,61,"Backspace","Backspace",73,506,"y","Remove/Cut"
"4291",4291,4291,1500332,1500403,71,"Backspace","Backspace",72,506,"t","Remove/Cut"
"4292",4292,4292,1500492,1500548,56,"Backspace","Backspace",71,506,"i","Remove/Cut"
"4293",4293,4293,1500626,1500680,54,"Backspace","Backspace",70,506,"b","Remove/Cut"
"4294",4294,4294,1501214,1501289,75,"v","v",71,506,"v","Input"
"4295",4295,4295,1501304,1501364,60,"i","i",72,506,"i","Input"
"4296",4296,4296,1501437,1501498,61,"t","t",73,506,"t","Input"
"4297",4297,4297,1501562,1501605,43,"y","y",74,506,"y","Input"
"4298",4298,4298,1531417,1531497,80,"Leftclick","Leftclick",3089,506,"NoChange","Nonproduction"
"4299",4299,4299,1536392,1536539,147,"a","a",3090,506,"a","Input"
"4300",4300,4300,1537356,1537413,57,"Backspace","Backspace",3089,506,"a","Remove/Cut"
"4301",4301,4301,1537496,1537594,98,"Space","Space",3090,506," ","Input"
"4302",4302,4302,1558142,1558215,73,"Leftclick","Leftclick",3065,506,"NoChange","Nonproduction"
"4303",4303,4303,1558704,1558789,85,"b","b",3066,506,"b","Input"
"4304",4304,4304,1558910,1558997,87,"e","e",3067,506,"e","Input"
"4305",4305,4305,1559121,1559207,86,"Space","Space",3068,507," ","Input"
"4306",4306,4306,1625120,1625215,95,"Leftclick","Leftclick",3093,507,"NoChange","Nonproduction"
"4307",4307,4307,1625998,1625998,0,"Shift","Shift",3093,507,"NoChange","Nonproduction"
"4308",4308,4308,1626077,1626176,99,"T","t",3094,508,"T","Input"
"4309",4309,4309,1626307,1626385,78,"o","o",3095,508,"o","Input"
"4310",4310,4310,1626591,1626711,120,"Space","Space",3096,508," ","Input"
"4311",4311,4311,1626959,1627031,72,"b","b",3097,509,"b","Input"
"4312",4312,4312,1627446,1627564,118,"e","e",3098,509,"e","Input"
"4313",4313,4313,1722218,1722316,98,"Backspace","Backspace",3097,509,"e","Remove/Cut"
"4314",4314,4314,1722457,1722550,93,"Backspace","Backspace",3096,508,"b","Remove/Cut"
"4315",4315,4315,1722704,1722790,86,"Backspace","Backspace",3095,508," ","Remove/Cut"
"4316",4316,4316,1723798,1723878,80,"Backspace","Backspace",3094,508,"o","Remove/Cut"
"4317",4317,4317,1761240,1761281,41,"Backspace","Backspace",3093,507,"T","Remove/Cut"
"4318",4318,4318,1761397,1761419,22,"Backspace","Backspace",3092,507," ","Remove/Cut"
