"","DownEventID","UpEventID","DownTime","UpTime","ActionTime","DownEvent","UpEvent","Cursorposition","WordCount","TextChange","Activity"
"1","1","1",1484,1651,167,"Leftclick","Leftclick","0","0","NoChange","Nonproduction"
"2","2","2",64270,64270,0,"Control","Control","0","0","NoChange","Nonproduction"
"3","3","3",64988,65097,109,"Leftclick","Leftclick","0","0","NoChange","Nonproduction"
"4","4","4",68682,68682,0,"Control","Control","0","0","NoChange","Nonproduction"
"5","5","5",68933,69177,244,"i","i","0","0","NoChange","Nonproduction"
"6","6","6",69562,69969,407,"n","n","1","1","n","Input"
"7","7","7",71629,71728,99,"Backspace","Backspace","0","0","n","Remove/Cut"
"8","8","8",71786,71961,175,"Backspace","Backspace","0","0","NoChange","Nonproduction"
"9","9","9",72035,72216,181,"Backspace","Backspace","0","0","NoChange","Nonproduction"
"10","10","10",72271,72440,169,"Backspace","Backspace","0","0","NoChange","Nonproduction"
"11","11","11",74530,74530,0,"Shift","Shift","0","0","NoChange","Nonproduction"
"12","12","12",75094,75094,0,"Shift","Shift","0","0","NoChange","Nonproduction"
"13","13","13",75126,75528,402,"I","i","1","1","I","Input"
"14","14","14",76677,76895,218,"n","n","2","1","n","Input"
"15","15","15",77078,77418,340,"Space","Space","3","1"," ","Input"
"16","16","16",78359,78520,161,"t","t","4","2","t","Input"
"17","17","17",78679,78928,249,"h","h","5","2","h","Input"
"18","18","18",79396,79815,419,"i","i","6","2","i","Input"
"19","19","19",79642,79969,327,"s","s","7","2","s","Input"
"20","20","20",80117,80442,325,"Space","Space","8","2"," ","Input"
"21","21","21",81000,81265,265,"t","t","9","3","t","Input"
"22","22","22",81319,81787,468,"a","a","10","3","a","Input"
"23","23","23",81716,82049,333,"s","s","11","3","s","Input"
"24","24","24",82280,82537,257,"k","k","12","3","k","Input"
"25","25","25",83075,83401,326,"Space","Space","13","3"," ","Input"
"26","26","26",84029,84288,259,"i","i","14","4","i","Input"
"27","27","27",84445,84681,236,"Space","Space","15","4"," ","Input"
"28","28","28",84846,85088,242,"h","h","16","5","h","Input"
"29","29","29",85092,85329,237,"a","a","17","5","a","Input"
"30","30","30",85368,86048,680,"v","v","18","5","v","Input"
"31","31","31",86031,86049,18,"e","e","19","5","e","Input"
"32","32","32",86051,86129,78,"Space","Space","20","5"," ","Input"
"33","33","33",86200,86545,345,"a","a","21","6","a","Input"
"34","34","34",86587,86857,270,"n","n","22","6","n","Input"
"35","35","35",86919,87161,242,"Space","Space","23","6"," ","Input"
"36","36","36",87313,87683,370,"r","r","24","7","r","Input"
"37","37","37",87478,87721,243,"i","i","25","7","i","Input"
"38","38","38",87878,88201,323,"g","g","26","7","g","Input"
"39","39","39",88285,88601,316,"h","h","27","7","h","Input"
"40","40","40",88608,88921,313,"t","t","28","7","t","Input"
"41","41","41",88747,89162,415,"s","s","29","7","s","Input"
"42","42","42",89168,89401,233,"Space","Space","30","7"," ","Input"
"43","43","43",89800,90121,321,"t","t","31","8","t","Input"
"44","44","44",90127,90283,156,"o","o","32","8","o","Input"
"45","45","45",90352,90530,178,"Space","Space","33","8"," ","Input"
"46","46","46",123732,123976,244,"Leftclick","Leftclick","33","8","NoChange","Nonproduction"
"47","47","47",214510,214840,330,"t","t","34","9","t","Input"
"48","48","48",216760,217080,320,"Backspace","Backspace","33","8","t","Remove/Cut"
"49","49","49",223317,223568,251,"t","t","34","9","t","Input"
"50","50","50",223723,224039,316,"a","a","35","9","a","Input"
"51","51","51",224281,224600,319,"l","l","36","9","l","Input"
"52","52","52",224757,225080,323,"k","k","37","9","k","Input"
"53","53","53",225320,225640,320,"Space","Space","38","9"," ","Input"
"54","54","54",226115,226359,244,"i","i","39","10","i","Input"
"55","55","55",226429,226760,331,"n","n","40","10","n","Input"
"56","56","56",226908,227240,332,"d","d","41","10","d","Input"
"57","57","57",227148,227569,421,"e","e","42","10","e","Input"
"58","58","58",227560,227881,321,"p","p","43","10","p","Input"
"59","59","59",227786,228209,423,"e","e","44","10","e","Input"
"60","60","60",228441,228768,327,"n","n","45","10","n","Input"
"61","61","61",234032,234360,328,"d","d","46","10","d","Input"
"62","62","62",234369,234761,392,"e","e","47","10","e","Input"
"63","63","63",236372,236688,316,"n","n","48","10","n","Input"
"64","64","64",236840,237001,161,"t","t","49","10","t","Input"
"65","65","65",237555,237800,245,"l","l","50","10","l","Input"
"66","66","66",238099,238360,261,"y","y","51","10","y","Input"
"67","67","67",297635,297888,253,"a","a","52","10","a","Input"
"68","68","68",298037,298280,243,"b","b","53","10","b","Input"
"69","69","69",298754,299160,406,"o","o","54","10","o","Input"
"70","70","70",299227,299482,255,"u","u","55","10","u","Input"
"71","71","71",299638,300041,403,"t","t","56","10","t","Input"
"72","72","72",300357,300841,484,"Space","Space","57","10"," ","Input"
"73","73","73",301822,301969,147,"ArrowLeft","ArrowLeft","56","10","NoChange","Nonproduction"
"74","74","74",302027,302209,182,"ArrowLeft","ArrowLeft","55","10","NoChange","Nonproduction"
"75","75","75",302214,302370,156,"ArrowLeft","ArrowLeft","54","10","NoChange","Nonproduction"
"76","76","76",302427,302611,184,"ArrowLeft","ArrowLeft","53","10","NoChange","Nonproduction"
"77","77","77",302693,302841,148,"ArrowLeft","ArrowLeft","52","10","NoChange","Nonproduction"
"78","78","78",302848,303001,153,"ArrowLeft","ArrowLeft","51","10","NoChange","Nonproduction"
"79","79","79",303078,303241,163,"ArrowLeft","ArrowLeft","50","10","NoChange","Nonproduction"
"80","80","80",303469,303881,412,"Space","Space","51","11"," ","Input"
"81","81","81",305002,305162,160,"Backspace","Backspace","50","10"," ","Remove/Cut"
"82","82","82",305708,305961,253,"ArrowRight","ArrowRight","51","10","NoChange","Nonproduction"
"83","83","83",306109,306522,413,"Space","Space","52","11"," ","Input"
"84","84","84",307402,307576,174,"ArrowRight","ArrowRight","53","11","NoChange","Nonproduction"
"85","85","85",307627,307809,182,"ArrowRight","ArrowRight","54","11","NoChange","Nonproduction"
"86","86","86",307877,308041,164,"ArrowRight","ArrowRight","55","11","NoChange","Nonproduction"
"87","87","87",308202,308369,167,"ArrowRight","ArrowRight","56","11","NoChange","Nonproduction"
"88","88","88",308521,308680,159,"ArrowRight","ArrowRight","57","11","NoChange","Nonproduction"
"89","89","89",308837,309000,163,"ArrowRight","ArrowRight","58","11","NoChange","Nonproduction"
"90","90","90",310197,310600,403,"Space","Space","59","11"," ","Input"
"91","91","91",312269,312441,172,"m","m","60","12","m","Input"
"92","92","92",312759,313080,321,"o","o","61","12","o","Input"
"93","93","93",313236,313409,173,"d","d","62","12","d","Input"
"94","94","94",313617,314041,424,"e","e","63","12","e","Input"
"95","95","95",313959,314211,252,"r","r","64","12","r","Input"
"96","96","96",314187,314451,264,"n","n","65","12","n","Input"
"97","97","97",314589,314784,195,"Space","Space","66","12"," ","Input"
"98","98","98",314999,315257,258,"s","s","67","13","s","Input"
"99","99","99",315483,315801,318,"o","o","68","13","o","Input"
"100","100","100",315955,316213,258,"c","c","69","13","c","Input"
"101","101","101",316276,316523,247,"i","i","70","13","i","Input"
"102","102","102",316845,317081,236,"e","e","71","13","e","Input"
"103","103","103",317237,317561,324,"t","t","72","13","t","Input"
"104","104","104",317720,318042,322,"y","y","73","13","y","Input"
"105","105","105",318672,318921,249,"Space","Space","74","13"," ","Input"
"106","106","106",319481,319738,257,"b","b","75","14","b","Input"
"107","107","107",319870,320048,178,"e","e","76","14","e","Input"
"108","108","108",320125,320281,156,"Space","Space","77","14"," ","Input"
"109","109","109",320359,320602,243,"c","c","78","15","c","Input"
"110","110","110",320753,321009,256,"r","r","79","15","r","Input"
"111","111","111",321122,321323,201,"i","i","80","15","i","Input"
"112","112","112",321407,321649,242,"t","t","81","15","t","Input"
"113","113","113",322762,323085,323,"i","i","82","15","i","Input"
"114","114","114",326919,327169,250,"c","c","83","15","c","Input"
"115","115","115",327289,327560,271,"i","i","84","15","i","Input"
"116","116","116",327720,327960,240,"z","z","85","15","z","Input"
"117","117","117",328283,328760,477,"e","e","86","15","e","Input"
"118","118","118",328610,329017,407,"d","d","87","15","d","Input"
"119","119","119",329240,329565,325,"Space","Space","88","15"," ","Input"
"120","120","120",330832,331089,257,"f","f","89","16","f","Input"
"121","121","121",333872,334289,417,"i","i","90","16","i","Input"
"122","122","122",334357,334609,252,"r","r","91","16","r","Input"
"123","123","123",336215,336440,225,"Backspace","Backspace","90","16","r","Remove/Cut"
"124","124","124",336521,336848,327,"Backspace","Backspace","89","16","i","Remove/Cut"
"125","125","125",337718,338042,324,"o","o","90","16","o","Input"
"126","126","126",338591,338848,257,"r","r","91","16","r","Input"
"127","127","127",338908,339161,253,"Space","Space","92","16"," ","Input"
"128","128","128",339398,339570,172,"b","b","93","17","b","Input"
"129","129","129",339579,339969,390,"e","e","94","17","e","Input"
"130","130","130",340040,340385,345,"i","i","95","17","i","Input"
"131","131","131",340521,340923,402,"n","n","96","17","n","Input"
"132","132","132",340940,341240,300,"g","g","97","17","g","Input"
"133","133","133",341793,342209,416,"Space","Space","98","17"," ","Input"
"134","134","134",344196,344441,245,"m","m","99","18","m","Input"
"135","135","135",344447,344762,315,"a","a","100","18","a","Input"
"136","136","136",344841,345081,240,"t","t","101","18","t","Input"
"137","137","137",345158,345721,563,"e","e","102","18","e","Input"
"138","138","138",345635,345880,245,"r","r","103","18","r","Input"
"139","139","139",346683,346891,208,"i","i","104","18","i","Input"
"140","140","140",347085,347320,235,"a","a","105","18","a","Input"
"141","141","141",348051,348384,333,"l","l","106","18","l","Input"
"142","142","142",348359,348681,322,"i","i","107","18","i","Input"
"143","143","143",349089,349481,392,"s","s","108","18","s","Input"
"144","144","144",349800,349961,161,"t","t","109","18","t","Input"
"145","145","145",350675,351000,325,"i","i","110","18","i","Input"
"146","146","146",351007,351321,314,"c","c","111","18","c","Input"
"147","147","147",357410,357720,310,".",".","112","18",".","Input"
"148","148","148",358198,358537,339,"Space","Space","113","18"," ","Input"
"149","149","149",365132,365132,0,"Shift","Shift","113","18","NoChange","Nonproduction"
"150","150","150",365236,365487,251,"I","I","114","19","I","Input"
"151","151","151",365717,366120,403,"n","n","115","19","n","Input"
"152","152","152",366147,366500,353,"Space","Space","116","19"," ","Input"
"153","153","153",367183,367285,102,"w","w","117","20","w","Input"
"154","154","154",368119,368209,90,"Backspace","Backspace","116","19","w","Remove/Cut"
"155","155","155",368667,368848,181,"t","t","117","20","t","Input"
"156","156","156",369080,369240,160,"h","h","118","20","h","Input"
"157","157","157",369447,369639,192,"i","i","119","20","i","Input"
"158","158","158",369645,369896,251,"s","s","120","20","s","Input"
"159","159","159",369972,370186,214,"Space","Space","121","20"," ","Input"
"160","160","160",370291,370435,144,"w","w","122","21","w","Input"
"161","161","161",370599,370919,320,"a","a","123","21","a","Input"
"162","162","162",370924,371167,243,"s","s","124","21","s","Input"
"163","163","163",371481,371639,158,"Space","Space","125","21"," ","Input"
"164","164","164",373469,373608,139,"Backspace","Backspace","124","21"," ","Remove/Cut"
"165","165","165",373736,373896,160,"Backspace","Backspace","123","21","s","Remove/Cut"
"166","166","166",374992,375079,87,"y","y","124","21","y","Input"
"167","167","167",375327,375488,161,"Space","Space","125","21"," ","Input"
"168","168","168",376033,376285,252,"p","p","126","22","p","Input"
"169","169","169",376434,376602,168,"e","e","127","22","e","Input"
"170","170","170",376688,376920,232,"o","o","128","22","o","Input"
"171","171","171",376927,377324,397,"p","p","129","22","p","Input"
"172","172","172",377256,377479,223,"l","l","130","22","l","Input"
"173","173","173",377490,377720,230,"e","e","131","22","e","Input"
"174","174","174",377804,378039,235,"Space","Space","132","22"," ","Input"
"175","175","175",378377,378667,290,"a","a","133","23","a","Input"
"176","176","176",378928,379175,247,"r","r","134","23","r","Input"
"177","177","177",379238,379480,242,"e","e","135","23","e","Input"
"178","178","178",379648,379967,319,"Space","Space","136","23"," ","Input"
"179","179","179",380429,380544,115,"m","m","137","24","m","Input"
"180","180","180",380747,380967,220,"o","o","138","24","o","Input"
"181","181","181",380974,381185,211,"s","s","139","24","s","Input"
"182","182","182",381558,381735,177,"t","t","140","24","t","Input"
"183","183","183",381884,382040,156,"l","l","141","24","l","Input"
"184","184","184",382215,382440,225,"y","y","142","24","y","Input"
"185","185","185",382678,383000,322,"Space","Space","143","24"," ","Input"
"186","186","186",383561,383723,162,"t","t","144","25","t","Input"
"187","187","187",383868,384048,180,"o","o","145","25","o","Input"
"188","188","188",384200,384416,216,"l","l","146","25","l","Input"
"189","189","189",384520,384927,407,"e","e","147","25","e","Input"
"190","190","190",384838,385240,402,"r","r","148","25","r","Input"
"191","191","191",387635,387968,333,"a","a","149","25","a","Input"
"192","192","192",388038,388207,169,"t","t","150","25","t","Input"
"193","193","193",388214,388604,390,"e","e","151","25","e","Input"
"194","194","194",388491,388963,472,"d","d","152","25","d","Input"
"195","195","195",389875,390120,245,"Space","Space","153","25"," ","Input"
"196","196","196",390266,390590,324,"w","w","154","26","w","Input"
"197","197","197",390527,390689,162,"i","i","155","26","i","Input"
"198","198","198",390928,391079,151,"t","t","156","26","t","Input"
"199","199","199",391327,391581,254,"h","h","157","26","h","Input"
"200","200","200",391969,392206,237,"Space","Space","158","26"," ","Input"
"201","201","201",392682,392840,158,"h","h","159","27","h","Input"
"202","202","202",393002,393249,247,"i","i","160","27","i","Input"
"203","203","203",393400,393560,160,"g","g","161","27","g","Input"
"204","204","204",393717,393888,171,"h","h","162","27","h","Input"
"205","205","205",394370,394767,397,"e","e","163","27","e","Input"
"206","206","206",394672,394928,256,"r","r","164","27","r","Input"
"207","207","207",396919,397088,169,"Space","Space","165","27"," ","Input"
"208","208","208",397960,398280,320,"p","p","166","28","p","Input"
"209","209","209",398758,399008,250,"o","o","167","28","o","Input"
"210","210","210",399245,399480,235,"s","s","168","28","s","Input"
"211","211","211",399555,399808,253,"i","i","169","28","i","Input"
"212","212","212",399951,400208,257,"t","t","170","28","t","Input"
"213","213","213",400119,400370,251,"i","i","171","28","i","Input"
"214","214","214",400350,400519,169,"o","o","172","28","o","Input"
"215","215","215",400760,400848,88,"n","n","173","28","n","Input"
"216","216","216",400999,401239,240,"Space","Space","174","28"," ","Input"
"217","217","217",401477,401720,243,"p","p","175","29","p","Input"
"218","218","218",401634,401880,246,"e","e","176","29","e","Input"
"219","219","219",401729,401960,231,"o","o","177","29","o","Input"
"220","220","220",401889,402209,320,"p","p","178","29","p","Input"
"221","221","221",402119,402360,241,"l","l","179","29","l","Input"
"222","222","222",402271,402484,213,"e","e","180","29","e","Input"
"223","223","223",402601,402760,159,".",".","181","29",".","Input"
"224","224","224",403555,403800,245,"Space","Space","182","29"," ","Input"
"225","225","225",404593,404593,0,"Shift","Shift","182","29","NoChange","Nonproduction"
"226","226","226",405001,405164,163,"T","t","183","30","T","Input"
"227","227","227",405238,405503,265,"h","h","184","30","h","Input"
"228","228","228",405477,405959,482,"e","e","185","30","e","Input"
"229","229","229",405713,406040,327,"y","y","186","30","y","Input"
"230","230","230",406283,406607,324,"Space","Space","187","30"," ","Input"
"231","231","231",407797,407959,162,"m","m","188","31","m","Input"
"232","232","232",409088,409248,160,"a","a","189","31","a","Input"
"233","233","233",409320,409403,83,"y","y","190","31","y","Input"
"234","234","234",409644,409800,156,"Space","Space","191","31"," ","Input"
"235","235","235",410043,410207,164,"m","m","192","32","m","Input"
"236","236","236",410428,410623,195,"i","i","193","32","i","Input"
"237","237","237",412040,412353,313,"g","g","194","32","g","Input"
"238","238","238",412277,412519,242,"h","h","195","32","h","Input"
"239","239","239",412666,412919,253,"t","t","196","32","t","Input"
"240","240","240",413077,413319,242,"Space","Space","197","32"," ","Input"
"241","241","241",413404,413570,166,"h","h","198","33","h","Input"
"242","242","242",413550,413879,329,"a","a","199","33","a","Input"
"243","243","243",413732,413985,253,"v","v","200","33","v","Input"
"244","244","244",413885,414127,242,"e","e","201","33","e","Input"
"245","245","245",414187,414457,270,"Space","Space","202","33"," ","Input"
"246","246","246",414443,414688,245,"a","a","203","34","a","Input"
"247","247","247",414599,414840,241,"n","n","204","34","n","Input"
"248","248","248",414850,415081,231,"Space","Space","205","34"," ","Input"
"249","249","249",415088,415320,232,"a","a","206","35","a","Input"
"250","250","250",415389,415640,251,"s","s","207","35","s","Input"
"251","251","251",415798,415967,169,"p","p","208","35","p","Input"
"252","252","252",415977,416279,302,"e","e","209","35","e","Input"
"253","253","253",416448,416608,160,"c","c","210","35","c","Input"
"254","254","254",416687,416848,161,"t","t","211","35","t","Input"
"255","255","255",418204,418368,164,"s","s","212","35","s","Input"
"256","256","256",418592,418840,248,"Space","Space","213","35"," ","Input"
"257","257","257",419564,419820,256,"o","o","214","36","o","Input"
"258","258","258",419795,420047,252,"f","f","215","36","f","Input"
"259","259","259",420120,420368,248,"Space","Space","216","36"," ","Input"
"260","260","260",420452,420681,229,"s","s","217","37","s","Input"
"261","261","261",421086,421240,154,"o","o","218","37","o","Input"
"262","262","262",422047,422288,241,"c","c","219","37","c","Input"
"263","263","263",422354,422599,245,"i","i","220","37","i","Input"
"264","264","264",422670,422931,261,"e","e","221","37","e","Input"
"265","265","265",423160,423336,176,"t","t","222","37","t","Input"
"266","266","266",423388,423639,251,"y","y","223","37","y","Input"
"267","267","267",423719,423959,240,"Space","Space","224","37"," ","Input"
"268","268","268",424036,424354,318,"w","w","225","38","w","Input"
"269","269","269",424279,424440,161,"h","h","226","38","h","Input"
"270","270","270",424598,424848,250,"i","i","227","38","i","Input"
"271","271","271",424756,424977,221,"c","c","228","38","c","Input"
"272","272","272",424966,425088,122,"h","h","229","38","h","Input"
"273","273","273",425232,425408,176,"Space","Space","230","38"," ","Input"
"274","274","274",425564,425727,163,"t","t","231","39","t","Input"
"275","275","275",425898,426039,141,"h","h","232","39","h","Input"
"276","276","276",426131,426356,225,"e","e","233","39","e","Input"
"277","277","277",426298,426527,229,"y","y","234","39","y","Input"
"278","278","278",426682,426847,165,"Space","Space","235","39"," ","Input"
"279","279","279",426919,427168,249,"a","a","236","40","a","Input"
"280","280","280",427253,427319,66,"s","s","237","40","s","Input"
"281","281","281",427481,427651,170,"s","s","238","40","s","Input"
"282","282","282",427632,427705,73,"u","u","239","40","u","Input"
"283","283","283",427882,428128,246,"m","m","240","40","m","Input"
"284","284","284",428139,428439,300,"e","e","241","40","e","Input"
"285","285","285",428359,428608,249,"d","d","242","40","d","Input"
"286","286","286",428687,428848,161,"Space","Space","243","40"," ","Input"
"287","287","287",428855,429156,301,"a","a","244","41","a","Input"
"288","288","288",429082,429239,157,"b","b","245","41","b","Input"
"289","289","289",429475,429568,93,"o","o","246","41","o","Input"
"290","290","290",429715,429800,85,"u","u","247","41","u","Input"
"291","291","291",429947,430120,173,"t","t","248","41","t","Input"
"292","292","292",430281,430527,246,"Space","Space","249","41"," ","Input"
"293","293","293",430545,430839,294,"a","a","250","42","a","Input"
"294","294","294",430760,430863,103,"n","n","251","42","n","Input"
"295","295","295",430999,431160,161,"Space","Space","252","42"," ","Input"
"296","296","296",431408,431488,80,"i","i","253","43","i","Input"
"297","297","297",431710,431808,98,"n","n","254","43","n","Input"
"298","298","298",431886,432058,172,"d","d","255","43","d","Input"
"299","299","299",432050,432201,151,"i","i","256","43","i","Input"
"300","300","300",432272,432440,168,"v","v","257","43","v","Input"
"301","301","301",432519,432679,160,"i","i","258","43","i","Input"
"302","302","302",432752,432920,168,"d","d","259","43","d","Input"
"303","303","303",433323,433480,157,"u","u","260","43","u","Input"
"304","304","304",433553,433799,246,"a","a","261","43","a","Input"
"305","305","305",433804,434039,235,"l","l","262","43","l","Input"
"306","306","306",437962,438294,332,"m","m","263","43","m","Input"
"307","307","307",437975,438288,313,"v","v","264","43","v","Input"
"308","308","308",439401,439559,158,"Backspace","Backspace","263","43","v","Remove/Cut"
"309","309","309",439636,439879,243,"Backspace","Backspace","262","43","m","Remove/Cut"
"310","310","310",440515,440839,324,"Space","Space","263","43"," ","Input"
"311","311","311",441558,441799,241,"p","p","264","44","p","Input"
"312","312","312",441806,442040,234,"e","e","265","44","e","Input"
"313","313","313",441949,442216,267,"o","o","266","44","o","Input"
"314","314","314",442106,442600,494,"p","p","267","44","p","Input"
"315","315","315",443959,444120,161,"l","l","268","44","l","Input"
"316","316","316",444281,444519,238,"e","e","269","44","e","Input"
"317","317","317",444587,444848,261,".",".","270","44",".","Input"
"318","318","318",445721,445960,239,"Space","Space","271","44"," ","Input"
"319","319","319",451005,451005,0,"Shift","Shift","271","44","NoChange","Nonproduction"
"320","320","320",451314,451487,173,"M","M","272","45","M","Input"
"321","321","321",451882,452040,158,"o","o","273","45","o","Input"
"322","322","322",452267,452527,260,"d","d","274","45","d","Input"
"323","323","323",452446,452847,401,"e","e","275","45","e","Input"
"324","324","324",452758,452921,163,"r","r","276","45","r","Input"
"325","325","325",453002,453320,318,"n","n","277","45","n","Input"
"326","326","326",453370,453656,286,"Space","Space","278","45"," ","Input"
"327","327","327",454128,454369,241,"s","s","279","46","s","Input"
"328","328","328",454829,455160,331,"o","o","280","46","o","Input"
"329","329","329",455329,455559,230,"c","c","281","46","c","Input"
"330","330","330",455635,455808,173,"i","i","282","46","i","Input"
"331","331","331",455949,456208,259,"e","e","283","46","e","Input"
"332","332","332",456270,456439,169,"t","t","284","46","t","Input"
"333","333","333",456597,456999,402,"y","y","285","46","y","Input"
"334","334","334",457391,457568,177,"Space","Space","286","46"," ","Input"
"335","335","335",458770,459087,317,"p","p","287","47","p","Input"
"336","336","336",459126,459375,249,"e","e","288","47","e","Input"
"337","337","337",459483,459745,262,"o","o","289","47","o","Input"
"338","338","338",459726,460199,473,"p","p","290","47","p","Input"
"339","339","339",460681,461008,327,"l","l","291","47","l","Input"
"340","340","340",460863,461168,305,"e","e","292","47","e","Input"
"341","341","341",463321,463559,238,"Space","Space","293","47"," ","Input"
"342","342","342",496362,496679,317,"w","w","294","48","w","Input"
"343","343","343",496751,496839,88,"h","h","295","48","h","Input"
"344","344","344",497248,497559,311,"i","i","296","48","i","Input"
"345","345","345",498275,498439,164,"Backspace","Backspace","295","48","i","Remove/Cut"
"346","346","346",498673,498927,254,"o","o","296","48","o","Input"
"347","347","347",499158,499399,241,"Space","Space","297","48"," ","Input"
"348","348","348",499823,500048,225,"e","e","298","49","e","Input"
"349","349","349",501330,501560,230,"Backspace","Backspace","297","48","e","Remove/Cut"
"350","350","350",502190,502359,169,"t","t","298","49","t","Input"
"351","351","351",502590,502929,339,"h","h","299","49","h","Input"
"352","352","352",502917,503399,482,"e","e","300","49","e","Input"
"353","353","353",503254,503647,393,"r","r","301","49","r","Input"
"354","354","354",503406,503728,322,"y","y","302","49","y","Input"
"355","355","355",504112,504370,258,"Space","Space","303","49"," ","Input"
"356","356","356",505950,506128,178,"Backspace","Backspace","302","49"," ","Remove/Cut"
"357","357","357",506184,506404,220,"Backspace","Backspace","301","49","y","Remove/Cut"
"358","358","358",506834,507176,342,"Backspace","Backspace","300","49","r","Remove/Cut"
"359","359","359",507909,508103,194,"y","y","301","49","y","Input"
"360","360","360",508421,508680,259,"Space","Space","302","49"," ","Input"
"361","361","361",509708,510119,411,"w","w","303","50","w","Input"
"362","362","362",510065,510647,582,"e","e","304","50","e","Input"
"363","363","363",510653,510762,109,"r","r","305","50","r","Input"
"364","364","364",510771,511079,308,"e","e","306","50","e","Input"
"365","365","365",511587,511880,293,"m","m","307","50","m","Input"
"366","366","366",513717,513888,171,"Backspace","Backspace","306","50","m","Remove/Cut"
"367","367","367",514125,514287,162,"Space","Space","307","50"," ","Input"
"368","368","368",515314,515560,246,"m","m","308","51","m","Input"
"369","369","369",515742,515976,234,"o","o","309","51","o","Input"
"370","370","370",516287,516296,9,"s","s","310","51","s","Input"
"371","371","371",516680,516788,108,"t","t","311","51","t","Input"
"372","372","372",518040,518369,329,"l","l","312","51","l","Input"
"373","373","373",520013,520292,279,"y","y","313","51","y","Input"
"374","374","374",520602,521026,424,"Space","Space","314","51"," ","Input"
"375","375","375",538558,538598,40,"l","l","315","52","l","Input"
"376","376","376",539090,539399,309,"i","i","316","52","i","Input"
"377","377","377",539411,539639,228,"v","v","317","52","v","Input"
"378","378","378",539562,539767,205,"i","i","318","52","i","Input"
"379","379","379",540051,540224,173,"n","n","319","52","n","Input"
"380","380","380",540521,540760,239,"g","g","320","52","g","Input"
"381","381","381",540910,541087,177,"Space","Space","321","52"," ","Input"
"382","382","382",541149,541479,330,"t","t","322","53","t","Input"
"383","383","383",541487,541495,8,"o","o","323","53","o","Input"
"384","384","384",541644,541879,235,"Space","Space","324","53"," ","Input"
"385","385","385",541889,542128,239,"t","t","325","54","t","Input"
"386","386","386",542137,542287,150,"h","h","326","54","h","Input"
"387","387","387",542493,542688,195,"e","e","327","54","e","Input"
"388","388","388",542859,543007,148,"Space","Space","328","54"," ","Input"
"389","389","389",543255,543407,152,"s","s","329","55","s","Input"
"390","390","390",543567,543727,160,"o","o","330","55","o","Input"
"391","391","391",543940,544137,197,"c","c","331","55","c","Input"
"392","392","392",544199,544360,161,"i","i","332","55","i","Input"
"393","393","393",545097,545561,464,"e","e","333","55","e","Input"
"394","394","394",545482,545884,402,"t","t","334","55","t","Input"
"395","395","395",545710,546039,329,"y","y","335","55","y","Input"
"396","396","396",546521,546847,326,"Space","Space","336","55"," ","Input"
"397","397","397",550034,550119,85,"t","t","337","56","t","Input"
"398","398","398",550356,550455,99,"h","h","338","56","h","Input"
"399","399","399",550596,550760,164,"r","r","339","56","r","Input"
"400","400","400",550911,551096,185,"o","o","340","56","o","Input"
"401","401","401",551242,551480,238,"u","u","341","56","u","Input"
"402","402","402",551490,551735,245,"g","g","342","56","g","Input"
"403","403","403",551721,551897,176,"h","h","343","56","h","Input"
"404","404","404",552027,552200,173,"Space","Space","344","56"," ","Input"
"405","405","405",552438,552520,82,"t","t","345","57","t","Input"
"406","406","406",552675,552839,164,"h","h","346","57","h","Input"
"407","407","407",553261,553400,139,"e","e","347","57","e","Input"
"408","408","408",553482,553640,158,"i","i","348","57","i","Input"
"409","409","409",553652,553800,148,"r","r","349","57","r","Input"
"410","410","410",553881,554047,166,"Space","Space","350","57"," ","Input"
"411","411","411",554366,554536,170,"s","s","351","58","s","Input"
"412","412","412",554678,554840,162,"p","p","352","58","p","Input"
"413","413","413",555073,555159,86,"e","e","353","58","e","Input"
"414","414","414",555310,555560,250,"c","c","354","58","c","Input"
"415","415","415",555570,555720,150,"i","i","355","58","i","Input"
"416","416","416",556047,556360,313,"a","a","356","58","a","Input"
"417","417","417",556368,556519,151,"l","l","357","58","l","Input"
"418","418","418",556997,557168,171,"Space","Space","358","58"," ","Input"
"419","419","419",557311,557504,193,"a","a","359","59","a","Input"
"420","420","420",557644,557768,124,"s","s","360","59","s","Input"
"421","421","421",557879,557967,88,"p","p","361","59","p","Input"
"422","422","422",558127,558199,72,"e","e","362","59","e","Input"
"423","423","423",558547,558722,175,"c","c","363","59","c","Input"
"424","424","424",558844,559096,252,"t","t","364","59","t","Input"
"425","425","425",559134,559327,193,"s","s","365","59","s","Input"
"426","426","426",559398,559530,132,"Space","Space","366","59"," ","Input"
"427","427","427",559740,559959,219,"o","o","367","60","o","Input"
"428","428","428",559967,560208,241,"f","f","368","60","f","Input"
"429","429","429",560083,560282,199,"Space","Space","369","60"," ","Input"
"430","430","430",560442,560599,157,"t","t","370","61","t","Input"
"431","431","431",560758,560920,162,"h","h","371","61","h","Input"
"432","432","432",560928,561088,160,"e","e","372","61","e","Input"
"433","433","433",561227,561400,173,"m","m","373","61","m","Input"
"434","434","434",561732,561967,235,",",",","374","61",",","Input"
"435","435","435",562205,562447,242,"Space","Space","375","61"," ","Input"
"436","436","436",563727,563888,161,"i","i","376","62","i","Input"
"437","437","437",564123,564221,98,"t","t","377","62","t","Input"
"438","438","438",564439,564607,168,"Space","Space","378","62"," ","Input"
"439","439","439",565162,565321,159,"w","w","379","63","w","Input"
"440","440","440",566909,567159,250,"a","a","380","63","a","Input"
"441","441","441",567387,567568,181,"s","s","381","63","s","Input"
"442","442","442",568031,568216,185,"Space","Space","382","63"," ","Input"
"443","443","443",569887,570140,253,"h","h","383","64","h","Input"
"444","444","444",571331,571488,157,"i","i","384","64","i","Input"
"445","445","445",572750,572919,169,"g","g","385","64","g","Input"
"446","446","446",572997,573178,181,"h","h","386","64","h","Input"
"447","447","447",573497,573664,167,"l","l","387","64","l","Input"
"448","448","448",573951,574200,249,"y","y","388","64","y","Input"
"449","449","449",574250,574440,190,"Space","Space","389","64"," ","Input"
"450","450","450",574671,574759,88,"t","t","390","65","t","Input"
"451","451","451",574940,575089,149,"r","r","391","65","r","Input"
"452","452","452",575799,575967,168,"e","e","392","65","e","Input"
"453","453","453",576283,577647,1364,"a","a","393","65","a","Input"
"454","454","454",577653,577658,5,"t","t","394","65","t","Input"
"455","455","455",577662,577677,15,"e","e","395","65","e","Input"
"456","456","456",577674,577684,10,"d","d","396","65","d","Input"
"457","457","457",577682,577685,3,"Space","Space","397","65"," ","Input"
"458","458","458",577874,577959,85,"b","b","398","66","b","Input"
"459","459","459",578110,578439,329,"e","e","399","66","e","Input"
"460","460","460",578513,578768,255,"t","t","400","66","t","Input"
"461","461","461",578910,579179,269,"w","w","401","66","w","Input"
"462","462","462",579169,579329,160,"e","e","402","66","e","Input"
"463","463","463",579397,579602,205,"e","e","403","66","e","Input"
"464","464","464",579621,579800,179,"n","n","404","66","n","Input"
"465","465","465",579958,580119,161,"Space","Space","405","66"," ","Input"
"466","466","466",580131,580280,149,"t","t","406","67","t","Input"
"467","467","467",580535,580679,144,"h","h","407","67","h","Input"
"468","468","468",580839,581000,161,"r","r","408","67","r","Input"
"469","469","469",581161,581320,159,"o","o","409","67","o","Input"
"470","470","470",581397,581640,243,"u","u","410","67","u","Input"
"471","471","471",581793,582128,335,"g","g","411","67","g","Input"
"472","472","472",581960,582275,315,"h","h","412","67","h","Input"
"473","473","473",582281,582528,247,"Space","Space","413","67"," ","Input"
"474","474","474",582540,582759,219,"t","t","414","68","t","Input"
"475","475","475",582766,582999,233,"h","h","415","68","h","Input"
"476","476","476",583067,583495,428,"r","r","416","68","r","Input"
"477","477","477",583320,583640,320,"i","i","417","68","i","Input"
"478","478","478",583476,583655,179,"t","t","418","68","t","Input"
"479","479","479",587390,587567,177,"Backspace","Backspace","417","68","t","Remove/Cut"
"480","480","480",587724,587887,163,"Backspace","Backspace","416","68","i","Remove/Cut"
"481","481","481",588438,588519,81,"Backspace","Backspace","415","68","r","Remove/Cut"
"482","482","482",589947,590128,181,"e","e","416","68","e","Input"
"483","483","483",590197,590379,182,"i","i","417","68","i","Input"
"484","484","484",590358,590600,242,"r","r","418","68","r","Input"
"485","485","485",590680,590928,248,"Space","Space","419","68"," ","Input"
"486","486","486",593401,593640,239,"a","a","420","69","a","Input"
"487","487","487",593967,594208,241,"s","s","421","69","s","Input"
"488","488","488",594373,594530,157,"p","p","422","69","p","Input"
"489","489","489",594723,595000,277,"e","e","423","69","e","Input"
"490","490","490",595159,595499,340,"c","c","424","69","c","Input"
"491","491","491",595482,595640,158,"t","t","425","69","t","Input"
"492","492","492",595794,596120,326,"s","s","426","69","s","Input"
"493","493","493",596460,596680,220,".",".","427","69",".","Input"
"494","494","494",598522,598768,246,"Space","Space","428","69"," ","Input"
"495","495","495",653480,653719,239,"Leftclick","Leftclick","152","69","NoChange","Nonproduction"
"496","496","496",653730,653968,238,"Leftclick","Leftclick","153","69","NoChange","Nonproduction"
"497","497","497",657245,657425,180,"Leftclick","Leftclick","428","69","NoChange","Nonproduction"
"498","498","498",657566,657807,241,"Leftclick","Leftclick","428","69","NoChange","Nonproduction"
"499","499","499",658198,658368,170,"Leftclick","Leftclick","428","69","NoChange","Nonproduction"
"500","500","500",668188,668188,0,"Shift","Shift","428","69","NoChange","Nonproduction"
"501","501","501",668512,668681,169,"M","m","429","70","M","Input"
"502","502","502",668762,669001,239,"a","a","430","70","a","Input"
"503","503","503",669158,669249,91,"t","t","431","70","t","Input"
"504","504","504",669327,669738,411,"e","e","432","70","e","Input"
"505","505","505",669724,669889,165,"r","r","433","70","r","Input"
"506","506","506",672206,672332,126,"i","i","434","70","i","Input"
"507","507","507",673410,673633,223,"a","a","435","70","a","Input"
"508","508","508",673980,674128,148,"l","l","436","70","l","Input"
"509","509","509",674194,674464,270,"i","i","437","70","i","Input"
"510","510","510",674474,674681,207,"s","s","438","70","s","Input"
"511","511","511",674692,674983,291,"m","m","439","70","m","Input"
"512","512","512",675161,675570,409,"Space","Space","440","70"," ","Input"
"513","513","513",679558,679801,243,"t","t","441","71","t","Input"
"514","514","514",679878,679960,82,"h","h","442","71","h","Input"
"515","515","515",680117,680281,164,"i","i","443","71","i","Input"
"516","516","516",680438,680600,162,"n","n","444","71","n","Input"
"517","517","517",680677,680848,171,"g","g","445","71","g","Input"
"518","518","518",680856,681089,233,"s","s","446","71","s","Input"
"519","519","519",681007,681169,162,"Space","Space","447","71"," ","Input"
"520","520","520",681321,681488,167,"t","t","448","72","t","Input"
"521","521","521",681561,681795,234,"h","h","449","72","h","Input"
"522","522","522",681723,681970,247,"e","e","450","72","e","Input"
"523","523","523",681978,682121,143,"Space","Space","451","72"," ","Input"
"524","524","524",683144,683328,184,"p","p","452","73","p","Input"
"525","525","525",683336,683492,156,"e","e","453","73","e","Input"
"526","526","526",683475,683736,261,"o","o","454","73","o","Input"
"527","527","527",683721,684046,325,"p","p","455","73","p","Input"
"528","528","528",683953,684112,159,"l","l","456","73","l","Input"
"529","529","529",684063,684217,154,"e","e","457","73","e","Input"
"530","530","530",684294,684442,148,"Space","Space","458","73"," ","Input"
"531","531","531",684760,684840,80,"l","l","459","74","l","Input"
"532","532","532",684973,685081,108,"o","o","460","74","o","Input"
"533","533","533",685411,685561,150,"v","v","461","74","v","Input"
"534","534","534",685587,685831,244,"e","e","462","74","e","Input"
"535","535","535",685841,685977,136,"Space","Space","463","74"," ","Input"
"536","536","536",685990,686296,306,"a","a","464","75","a","Input"
"537","537","537",686292,686324,32,"n","n","465","75","n","Input"
"538","538","538",686364,686543,179,"d","d","466","75","d","Input"
"539","539","539",686523,686762,239,"Space","Space","467","75"," ","Input"
"540","540","540",687237,687252,15,"h","h","468","76","h","Input"
"541","541","541",687258,687481,223,"a","a","469","76","a","Input"
"542","542","542",687810,688121,311,"t","t","470","76","t","Input"
"543","543","543",688035,688363,328,"e","e","471","76","e","Input"
"544","544","544",689961,690121,160,"Space","Space","472","76"," ","Input"
"545","545","545",690350,690522,172,"i","i","473","77","i","Input"
"546","546","546",690844,690893,49,"t","t","474","77","t","Input"
"547","547","547",691092,691243,151,"Space","Space","475","77"," ","Input"
"548","548","548",691310,691489,179,"i","i","476","78","i","Input"
"549","549","549",691427,691649,222,"s","s","477","78","s","Input"
"550","550","550",691658,691810,152,"Space","Space","478","78"," ","Input"
"551","551","551",691878,692121,243,"a","a","479","79","a","Input"
"552","552","552",692602,692682,80,"n","n","480","79","n","Input"
"553","553","553",692762,692920,158,"Space","Space","481","79"," ","Input"
"554","554","554",692930,693081,151,"a","a","482","80","a","Input"
"555","555","555",693238,693409,171,"s","s","483","80","s","Input"
"556","556","556",693478,693569,91,"p","p","484","80","p","Input"
"557","557","557",694046,694201,155,"e","e","485","80","e","Input"
"558","558","558",694355,694601,246,"c","c","486","80","c","Input"
"559","559","559",694610,694841,231,"t","t","487","80","t","Input"
"560","560","560",694757,695001,244,"s","s","488","80","s","Input"
"561","561","561",695957,696121,164,"Space","Space","489","80"," ","Input"
"562","562","562",696272,696441,169,"o","o","490","81","o","Input"
"563","563","563",696509,696680,171,"f","f","491","81","f","Input"
"564","564","564",696699,696849,150,"Space","Space","492","81"," ","Input"
"565","565","565",696990,697088,98,"m","m","493","82","m","Input"
"566","566","566",697238,697402,164,"o","o","494","82","o","Input"
"567","567","567",697633,697801,168,"d","d","495","82","d","Input"
"568","568","568",697877,698212,335,"e","e","496","82","e","Input"
"569","569","569",698054,698378,324,"r","r","497","82","r","Input"
"570","570","570",698357,698689,332,"n","n","498","82","n","Input"
"571","571","571",698837,699081,244,"Space","Space","499","82"," ","Input"
"572","572","572",699570,699738,168,"l","l","500","83","l","Input"
"573","573","573",699793,700049,256,"i","i","501","83","i","Input"
"574","574","574",700071,700361,290,"f","f","502","83","f","Input"
"575","575","575",700207,700601,394,"e","e","503","83","e","Input"
"576","576","576",700521,700760,239,"Space","Space","504","83"," ","Input"
"577","577","577",701102,701243,141,"w","w","505","84","w","Input"
"578","578","578",701639,701809,170,"i","i","506","84","i","Input"
"579","579","579",702064,702209,145,"t","t","507","84","t","Input"
"580","580","580",702370,702681,311,"h","h","508","84","h","Input"
"581","581","581",703234,703409,175,"Space","Space","509","84"," ","Input"
"582","582","582",703954,704121,167,"w","w","510","85","w","Input"
"583","583","583",704208,704511,303,"a","a","511","85","a","Input"
"584","584","584",704433,704602,169,"s","s","512","85","s","Input"
"585","585","585",704676,704838,162,"Space","Space","513","85"," ","Input"
"586","586","586",705005,705081,76,"m","m","514","86","m","Input"
"587","587","587",705237,705410,173,"o","o","515","86","o","Input"
"588","588","588",705435,705729,294,"s","s","516","86","s","Input"
"589","589","589",705740,705800,60,"t","t","517","86","t","Input"
"590","590","590",706283,706440,157,"l","l","518","86","l","Input"
"591","591","591",706844,707001,157,"y","y","519","86","y","Input"
"592","592","592",707174,707482,308,"Space","Space","520","86"," ","Input"
"593","593","593",708294,708441,147,"t","t","521","87","t","Input"
"594","594","594",708604,708742,138,"o","o","522","87","o","Input"
"595","595","595",708857,708965,108,"l","l","523","87","l","Input"
"596","596","596",709108,709264,156,"e","e","524","87","e","Input"
"597","597","597",709327,709505,178,"r","r","525","87","r","Input"
"598","598","598",709717,709962,245,"a","a","526","87","a","Input"
"599","599","599",709888,710041,153,"t","t","527","87","t","Input"
"600","600","600",710047,710361,314,"e","e","528","87","e","Input"
"601","601","601",710285,710535,250,"d","d","529","87","d","Input"
"602","602","602",710521,710681,160,"Space","Space","530","87"," ","Input"
"603","603","603",710760,710922,162,"b","b","531","88","b","Input"
"604","604","604",711486,711641,155,"y","y","532","88","y","Input"
"605","605","605",712054,712382,328,"Space","Space","533","88"," ","Input"
"606","606","606",713093,713248,155,"t","t","534","89","t","Input"
"607","607","607",713640,713960,320,"h","h","535","89","h","Input"
"608","608","608",714116,714360,244,"e","e","536","89","e","Input"
"609","609","609",714273,714441,168,"Space","Space","537","89"," ","Input"
"610","610","610",714760,714939,179,"p","p","538","90","p","Input"
"611","611","611",714921,715090,169,"e","e","539","90","e","Input"
"612","612","612",714995,715248,253,"o","o","540","90","o","Input"
"613","613","613",715176,715489,313,"p","p","541","90","p","Input"
"614","614","614",715388,715641,253,"l","l","542","90","l","Input"
"615","615","615",715651,715772,121,"e","e","543","90","e","Input"
"616","616","616",715811,715989,178,"Space","Space","544","90"," ","Input"
"617","617","617",716118,716376,258,"w","w","545","91","w","Input"
"618","618","618",716388,716461,73,"h","h","546","91","h","Input"
"619","619","619",716762,716848,86,"o","o","547","91","o","Input"
"620","620","620",716925,717140,215,"Space","Space","548","91"," ","Input"
"621","621","621",717149,717322,173,"w","w","549","92","w","Input"
"622","622","622",717503,717611,108,"a","a","550","92","a","Input"
"623","623","623",717723,717871,148,"s","s","551","92","s","Input"
"624","624","624",717857,717969,112,"Space","Space","552","92"," ","Input"
"625","625","625",718042,718216,174,"a","a","553","93","a","Input"
"626","626","626",718277,718378,101,"s","s","554","93","s","Input"
"627","627","627",718444,718615,171,"s","s","555","93","s","Input"
"628","628","628",718604,718695,91,"u","u","556","93","u","Input"
"629","629","629",718917,719081,164,"m","m","557","93","m","Input"
"630","630","630",719089,719400,311,"e","e","558","93","e","Input"
"631","631","631",719317,719494,177,"d","d","559","93","d","Input"
"632","632","632",719477,719640,163,"Space","Space","560","93"," ","Input"
"633","633","633",719648,719895,247,"a","a","561","94","a","Input"
"634","634","634",719882,720047,165,"b","b","562","94","b","Input"
"635","635","635",720125,720280,155,"o","o","563","94","o","Input"
"636","636","636",720359,720491,132,"u","u","564","94","u","Input"
"637","637","637",720669,720920,251,"t","t","565","94","t","Input"
"638","638","638",721074,721320,246,"Space","Space","566","94"," ","Input"
"639","639","639",723888,724041,153,"t","t","567","95","t","Input"
"640","640","640",724189,724450,261,"h","h","568","95","h","Input"
"641","641","641",724432,724696,264,"e","e","569","95","e","Input"
"642","642","642",724605,724921,316,"r","r","570","95","r","Input"
"643","643","643",724707,724928,221,"i","i","571","95","i","Input"
"644","644","644",725009,725187,178,"Space","Space","572","95"," ","Input"
"645","645","645",725336,725371,35,"l","l","573","96","l","Input"
"646","646","646",725568,725769,201,"i","i","574","96","i","Input"
"647","647","647",726210,726380,170,"v","v","575","96","v","Input"
"648","648","648",726371,726522,151,"e","e","576","96","e","Input"
"649","649","649",726701,726842,141,"s","s","577","96","s","Input"
"650","650","650",726911,726935,24,".",".","578","96",".","Input"
"651","651","651",727158,727257,99,"Space","Space","579","96"," ","Input"
"652","652","652",727869,727869,0,"Shift","Shift","579","96","NoChange","Nonproduction"
"653","653","653",728108,728201,93,"I","I","580","97","I","Input"
"654","654","654",728405,728522,117,"n","n","581","97","n","Input"
"655","655","655",728592,728771,179,"Space","Space","582","97"," ","Input"
"656","656","656",728841,729001,160,"t","t","583","98","t","Input"
"657","657","657",729083,729162,79,"h","h","584","98","h","Input"
"658","658","658",729321,729411,90,"i","i","585","98","i","Input"
"659","659","659",729492,729669,177,"s","s","586","98","s","Input"
"660","660","660",729681,729801,120,"Space","Space","587","98"," ","Input"
"661","661","661",729809,729976,167,"a","a","588","99","a","Input"
"662","662","662",730063,730280,217,"s","s","589","99","s","Input"
"663","663","663",730291,730448,157,"p","p","590","99","p","Input"
"664","664","664",730510,730688,178,"e","e","591","99","e","Input"
"665","665","665",730759,731001,242,"c","c","592","99","c","Input"
"666","666","666",730922,731081,159,"t","t","593","99","t","Input"
"667","667","667",731158,731400,242,"s","s","594","99","s","Input"
"668","668","668",731289,731488,199,"Space","Space","595","99"," ","Input"
"669","669","669",731636,731800,164,"e","e","596","100","e","Input"
"670","670","670",731709,731881,172,"p","p","597","100","p","Input"
"671","671","671",731958,732040,82,"o","o","598","100","o","Input"
"672","672","672",732124,732280,156,"p","p","599","100","p","Input"
"673","673","673",732289,732449,160,"l","l","600","100","l","Input"
"674","674","674",732360,732521,161,"e","e","601","100","e","Input"
"675","675","675",733089,733100,11,"Backspace","Backspace","600","100","e","Remove/Cut"
"676","676","676",733256,733424,168,"Backspace","Backspace","599","100","l","Remove/Cut"
"677","677","677",733493,733583,90,"Backspace","Backspace","598","100","p","Remove/Cut"
"678","678","678",733721,733801,80,"Backspace","Backspace","597","100","o","Remove/Cut"
"679","679","679",733969,734041,72,"Backspace","Backspace","596","100","p","Remove/Cut"
"680","680","680",734203,734283,80,"Backspace","Backspace","595","99","e","Remove/Cut"
"681","681","681",736205,736330,125,"p","p","596","100","p","Input"
"682","682","682",736439,736612,173,"e","e","597","100","e","Input"
"683","683","683",736525,736697,172,"o","o","598","100","o","Input"
"684","684","684",736760,737011,251,"p","p","599","100","p","Input"
"685","685","685",736998,737241,243,"l","l","600","100","l","Input"
"686","686","686",737262,737480,218,"e","e","601","100","e","Input"
"687","687","687",737575,737801,226,"Space","Space","602","100"," ","Input"
"688","688","688",738522,738619,97,"w","w","603","101","w","Input"
"689","689","689",738692,738856,164,"h","h","604","101","h","Input"
"690","690","690",738986,739160,174,"o","o","605","101","o","Input"
"691","691","691",739306,739422,116,"Space","Space","606","101"," ","Input"
"692","692","692",740116,740201,85,"q","q","607","102","q","Input"
"693","693","693",740133,740201,68,"w","w","608","102","w","Input"
"694","694","694",740417,740531,114,"a","a","609","102","a","Input"
"695","695","695",741589,741721,132,"Backspace","Backspace","608","102","a","Remove/Cut"
"696","696","696",741871,742009,138,"Backspace","Backspace","607","102","w","Remove/Cut"
"697","697","697",742218,742436,218,"Backspace","Backspace","606","101","q","Remove/Cut"
"698","698","698",743366,743524,158,"w","w","607","102","w","Input"
"699","699","699",743641,743801,160,"a","a","608","102","a","Input"
"700","700","700",743830,744121,291,"s","s","609","102","s","Input"
"701","701","701",744272,744441,169,"Space","Space","610","102"," ","Input"
"702","702","702",744852,745009,157,"a","a","611","103","a","Input"
"703","703","703",745170,745251,81,"s","s","612","103","s","Input"
"704","704","704",745418,745472,54,"s","s","613","103","s","Input"
"705","705","705",745470,745569,99,"u","u","614","103","u","Input"
"706","706","706",745798,745880,82,"m","m","615","103","m","Input"
"707","707","707",745958,746201,243,"e","e","616","103","e","Input"
"708","708","708",746125,746442,317,"d","d","617","103","d","Input"
"709","709","709",746354,746530,176,"Space","Space","618","103"," ","Input"
"710","710","710",746591,746761,170,"i","i","619","104","i","Input"
"711","711","711",746857,747001,144,"n","n","620","104","n","Input"
"712","712","712",747079,747178,99,"Space","Space","621","104"," ","Input"
"713","713","713",747400,747465,65,"t","t","622","105","t","Input"
"714","714","714",747651,747787,136,"h","h","623","105","h","Input"
"715","715","715",747813,748207,394,"e","e","624","105","e","Input"
"716","716","716",748128,748323,195,"r","r","625","105","r","Input"
"717","717","717",748291,748378,87,"i","i","626","105","i","Input"
"718","718","718",748537,748682,145,"Space","Space","627","105"," ","Input"
"719","719","719",748992,749090,98,"v","v","628","106","v","Input"
"720","720","720",749396,749569,173,"i","i","629","106","i","Input"
"721","721","721",750213,750289,76,"e","e","630","106","e","Input"
"722","722","722",750437,750536,99,"w","w","631","106","w","Input"
"723","723","723",750764,750857,93,"s","s","632","106","s","Input"
"724","724","724",750988,751081,93,"Space","Space","633","106"," ","Input"
"725","725","725",751252,751410,158,"b","b","634","107","b","Input"
"726","726","726",751554,751648,94,"e","e","635","107","e","Input"
"727","727","727",751958,752129,171,"t","t","636","107","t","Input"
"728","728","728",752270,752368,98,"w","w","637","107","w","Input"
"729","729","729",752519,752680,161,"e","e","638","107","e","Input"
"730","730","730",752757,752859,102,"e","e","639","107","e","Input"
"731","731","731",752875,753002,127,"n","n","640","107","n","Input"
"732","732","732",753107,753240,133,"Space","Space","641","107"," ","Input"
"733","733","733",753403,753499,96,"t","t","642","108","t","Input"
"734","734","734",753717,753801,84,"h","h","643","108","h","Input"
"735","735","735",753906,754123,217,"e","e","644","108","e","Input"
"736","736","736",754208,754297,89,"Space","Space","645","108"," ","Input"
"737","737","737",754516,754617,101,"l","l","646","109","l","Input"
"738","738","738",754752,754849,97,"o","o","647","109","o","Input"
"739","739","739",755002,755125,123,"v","v","648","109","v","Input"
"740","740","740",755240,755408,168,"e","e","649","109","e","Input"
"741","741","741",755420,755587,167,"Space","Space","650","109"," ","Input"
"742","742","742",755597,755800,203,"a","a","651","110","a","Input"
"743","743","743",755722,755881,159,"n","n","652","110","n","Input"
"744","744","744",755957,756146,189,"d","d","653","110","d","Input"
"745","745","745",756272,756369,97,"Space","Space","654","110"," ","Input"
"746","746","746",757002,757091,89,"h","h","655","111","h","Input"
"747","747","747",757160,757401,241,"a","a","656","111","a","Input"
"748","748","748",757319,757482,163,"t","t","657","111","t","Input"
"749","749","749",757715,757800,85,"e","e","658","111","e","Input"
"750","750","750",758111,758208,97,"Space","Space","659","111"," ","Input"
"751","751","751",758496,758600,104,"w","w","660","112","w","Input"
"752","752","752",758877,758899,22,"i","i","661","112","i","Input"
"753","753","753",759070,759157,87,"t","t","662","112","t","Input"
"754","754","754",759318,759416,98,"h","h","663","112","h","Input"
"755","755","755",759569,759729,160,"Space","Space","664","112"," ","Input"
"756","756","756",759870,759958,88,"o","o","665","113","o","Input"
"757","757","757",760152,760208,56,"t","t","666","113","t","Input"
"758","758","758",760352,760537,185,"h","h","667","113","h","Input"
"759","759","759",760546,760866,320,"e","e","668","113","e","Input"
"760","760","760",760749,761064,315,"r","r","669","113","r","Input"
"761","761","761",761075,761161,86,"Space","Space","670","113"," ","Input"
"762","762","762",761399,761561,162,"p","p","671","114","p","Input"
"763","763","763",761571,761722,151,"e","e","672","114","e","Input"
"764","764","764",761737,761881,144,"o","o","673","114","o","Input"
"765","765","765",761906,762130,224,"p","p","674","114","p","Input"
"766","766","766",762150,762330,180,"e","e","675","114","e","Input"
"767","767","767",762518,762592,74,".",".","676","114",".","Input"
"768","768","768",762830,762936,106,"Space","Space","677","114"," ","Input"
"769","769","769",765248,765248,0,"Shift","Shift","677","114","NoChange","Nonproduction"
"770","770","770",765637,765810,173,"I","I","678","115","I","Input"
"771","771","771",765969,766040,71,"t","t","679","115","t","Input"
"772","772","772",766280,766457,177,"Space","Space","680","115"," ","Input"
"773","773","773",766682,766761,79,"i","i","681","116","i","Input"
"774","774","774",766935,767009,74,"n","n","682","116","n","Input"
"775","775","775",767154,767286,132,"Space","Space","683","116"," ","Input"
"776","776","776",767405,767560,155,"t","t","684","117","t","Input"
"777","777","777",767640,767801,161,"h","h","685","117","h","Input"
"778","778","778",767809,767961,152,"e","e","686","117","e","Input"
"779","779","779",768040,768120,80,"Space","Space","687","117"," ","Input"
"780","780","780",768284,768382,98,"m","m","688","118","m","Input"
"781","781","781",768536,768681,145,"o","o","689","118","o","Input"
"782","782","782",768834,768950,116,"d","d","690","118","d","Input"
"783","783","783",769054,769315,261,"e","e","691","118","e","Input"
"784","784","784",769327,769418,91,"r","r","692","118","r","Input"
"785","785","785",769553,769690,137,"n","n","693","118","n","Input"
"786","786","786",769883,769960,77,"Space","Space","694","118"," ","Input"
"787","787","787",770040,770200,160,"s","s","695","119","s","Input"
"788","788","788",770305,770360,55,"o","o","696","119","o","Input"
"789","789","789",770521,770680,159,"c","c","697","119","c","Input"
"790","790","790",770757,770840,83,"i","i","698","119","i","Input"
"791","791","791",771238,771411,173,"e","e","699","119","e","Input"
"792","792","792",771445,771560,115,"t","t","700","119","t","Input"
"793","793","793",771641,771780,139,"y","y","701","119","y","Input"
"794","794","794",771951,772067,116,"Space","Space","702","119"," ","Input"
"795","795","795",772437,772521,84,"p","p","703","120","p","Input"
"796","796","796",772669,772803,134,"e","e","704","120","e","Input"
"797","797","797",772832,772908,76,"o","o","705","120","o","Input"
"798","798","798",773070,773185,115,"p","p","706","120","p","Input"
"799","799","799",773556,773649,93,"l","l","707","120","l","Input"
"800","800","800",773709,773881,172,"e","e","708","120","e","Input"
"801","801","801",773897,774041,144,"Space","Space","709","120"," ","Input"
"802","802","802",774201,774370,169,"w","w","710","121","w","Input"
"803","803","803",774378,774529,151,"h","h","711","121","h","Input"
"804","804","804",774810,774820,10,"o","o","712","121","o","Input"
"805","805","805",774922,775081,159,"Space","Space","713","121"," ","Input"
"806","806","806",775156,775328,172,"w","w","714","122","w","Input"
"807","807","807",775390,775561,171,"e","e","715","122","e","Input"
"808","808","808",775656,775801,145,"r","r","716","122","r","Input"
"809","809","809",775952,776121,169,"e","e","717","122","e","Input"
"810","810","810",776130,776200,70,"Space","Space","718","122"," ","Input"
"811","811","811",776352,776448,96,"m","m","719","123","m","Input"
"812","812","812",776679,776703,24,"o","o","720","123","o","Input"
"813","813","813",776758,776936,178,"s","s","721","123","s","Input"
"814","814","814",776991,777090,99,"t","t","722","123","t","Input"
"815","815","815",777315,777401,86,"l","l","723","123","l","Input"
"816","816","816",777570,777641,71,"y","y","724","123","y","Input"
"817","817","817",778409,778529,120,"Space","Space","725","123"," ","Input"
"818","818","818",779415,779487,72,"i","i","726","124","i","Input"
"819","819","819",779636,779729,93,"n","n","727","124","n","Input"
"820","820","820",779884,779958,74,"v","v","728","124","v","Input"
"821","821","821",780042,780199,157,"o","o","729","124","o","Input"
"822","822","822",780350,780439,89,"l","l","730","124","l","Input"
"823","823","823",780789,780811,22,"v","v","731","124","v","Input"
"824","824","824",780824,781080,256,"e","e","732","124","e","Input"
"825","825","825",781000,781256,256,"d","d","733","124","d","Input"
"826","826","826",781156,781321,165,"Space","Space","734","124"," ","Input"
"827","827","827",781404,781567,163,"i","i","735","125","i","Input"
"828","828","828",781638,781800,162,"n","n","736","125","n","Input"
"829","829","829",781821,781960,139,"Space","Space","737","125"," ","Input"
"830","830","830",782118,782280,162,"t","t","738","126","t","Input"
"831","831","831",782355,782498,143,"h","h","739","126","h","Input"
"832","832","832",782509,782920,411,"e","e","740","126","e","Input"
"833","833","833",782729,782848,119,"i","i","741","126","i","Input"
"834","834","834",782955,783160,205,"r","r","742","126","r","Input"
"835","835","835",783170,783248,78,"Space","Space","743","126"," ","Input"
"836","836","836",783636,783800,164,"s","s","744","127","s","Input"
"837","837","837",783888,784040,152,"p","p","745","127","p","Input"
"838","838","838",784123,784200,77,"e","e","746","127","e","Input"
"839","839","839",784351,784520,169,"c","c","747","127","c","Input"
"840","840","840",784749,784949,200,"a","a","748","127","a","Input"
"841","841","841",784931,784998,67,"l","l","749","127","l","Input"
"842","842","842",785151,785248,97,"Space","Space","750","127"," ","Input"
"843","843","843",785399,785560,161,"a","a","751","128","a","Input"
"844","844","844",785639,785744,105,"s","s","752","128","s","Input"
"845","845","845",785753,785880,127,"p","p","753","128","p","Input"
"846","846","846",786670,786760,90,"e","e","754","128","e","Input"
"847","847","847",786916,787160,244,"c","c","755","128","c","Input"
"848","848","848",787087,787239,152,"t","t","756","128","t","Input"
"849","849","849",787478,787578,100,"s","s","757","128","s","Input"
"850","850","850",787952,788040,88,",",",","758","128",",","Input"
"851","851","851",788293,788448,155,"Space","Space","759","128"," ","Input"
"852","852","852",791557,791649,92,"i","i","760","129","i","Input"
"853","853","853",791878,791968,90,"t","t","761","129","t","Input"
"854","854","854",792195,792374,179,"Space","Space","762","129"," ","Input"
"855","855","855",792518,792679,161,"i","i","763","130","i","Input"
"856","856","856",792928,793163,235,"s","s","764","130","s","Input"
"857","857","857",793170,793288,118,"Space","Space","765","130"," ","Input"
"858","858","858",793496,793640,144,"r","r","766","131","r","Input"
"859","859","859",793877,793969,92,"e","e","767","131","e","Input"
"860","860","860",794196,794280,84,"m","m","768","131","m","Input"
"861","861","861",794285,794450,165,"a","a","769","131","a","Input"
"862","862","862",794435,794507,72,"i","i","770","131","i","Input"
"863","863","863",794683,794848,165,"n","n","771","131","n","Input"
"864","864","864",794859,795018,159,"s","s","772","131","s","Input"
"865","865","865",795002,795073,71,"Space","Space","773","131"," ","Input"
"866","866","866",795233,795319,86,"t","t","774","132","t","Input"
"867","867","867",795482,795560,78,"h","h","775","132","h","Input"
"868","868","868",795640,796051,411,"e","e","776","132","e","Input"
"869","869","869",795893,796047,154,"i","i","777","132","i","Input"
"870","870","870",796913,796999,86,"Backspace","Backspace","776","132","i","Remove/Cut"
"871","871","871",798278,798533,255,"i","i","777","132","i","Input"
"872","872","872",798512,798701,189,"r","r","778","132","r","Input"
"873","873","873",798687,798920,233,"Space","Space","779","132"," ","Input"
"874","874","874",799964,800128,164,"a","a","780","133","a","Input"
"875","875","875",800190,800280,90,"n","n","781","133","n","Input"
"876","876","876",800432,800506,74,"Space","Space","782","133"," ","Input"
"877","877","877",800604,800698,94,"v","v","783","134","v","Input"
"878","878","878",800849,800920,71,"i","i","784","134","i","Input"
"879","879","879",800989,801160,171,"e","e","785","134","e","Input"
"880","880","880",801254,801400,146,"w","w","786","134","w","Input"
"881","881","881",801472,801640,168,"Space","Space","787","134"," ","Input"
"882","882","882",802354,802439,85,"o","o","788","135","o","Input"
"883","883","883",802600,802679,79,"f","f","789","135","f","Input"
"884","884","884",802755,802935,180,"Space","Space","790","135"," ","Input"
"885","885","885",802989,803168,179,"s","s","791","136","s","Input"
"886","886","886",803237,803320,83,"u","u","792","136","u","Input"
"887","887","887",803388,803639,251,"s","s","793","136","s","Input"
"888","888","888",803965,804040,75,"p","p","794","136","p","Input"
"889","889","889",804277,804368,91,"i","i","795","136","i","Input"
"890","890","890",804517,804680,163,"c","c","796","136","c","Input"
"891","891","891",804756,804849,93,"i","i","797","136","i","Input"
"892","892","892",805000,805160,160,"o","o","798","136","o","Input"
"893","893","893",805238,805335,97,"u","u","799","136","u","Input"
"894","894","894",805483,805647,164,"s","s","800","136","s","Input"
"895","895","895",805658,805799,141,"Space","Space","801","136"," ","Input"
"896","896","896",806044,806127,83,"p","p","802","137","p","Input"
"897","897","897",806283,806441,158,"o","o","803","137","o","Input"
"898","898","898",806599,806839,240,"s","s","804","137","s","Input"
"899","899","899",806923,807009,86,"i","i","805","137","i","Input"
"900","900","900",807244,807401,157,"t","t","806","137","t","Input"
"901","901","901",807549,807648,99,"i","i","807","137","i","Input"
"902","902","902",807721,807879,158,"o","o","808","137","o","Input"
"903","903","903",808129,808200,71,"n","n","809","137","n","Input"
"904","904","904",808522,808599,77,".",".","810","137",".","Input"
"905","905","905",808844,808907,63,"Space","Space","811","137"," ","Input"
"906","906","906",809565,809565,0,"Shift","Shift","811","137","NoChange","Nonproduction"
"907","907","907",809801,809880,79,"T","T","812","138","T","Input"
"908","908","908",810038,810120,82,"h","h","813","138","h","Input"
"909","909","909",810204,810309,105,"r","r","814","138","r","Input"
"910","910","910",810435,810600,165,"o","o","815","138","o","Input"
"911","911","911",810703,810840,137,"u","u","816","138","u","Input"
"912","912","912",811020,811059,39,"g","g","817","138","g","Input"
"913","913","913",811155,811271,116,"h","h","818","138","h","Input"
"914","914","914",811636,811800,164,"t","t","819","138","t","Input"
"915","915","915",812913,812999,86,"Backspace","Backspace","818","138","t","Remove/Cut"
"916","916","916",813090,813270,180,"Space","Space","819","138"," ","Input"
"917","917","917",813558,813640,82,"t","t","820","139","t","Input"
"918","918","918",813712,813880,168,"h","h","821","139","h","Input"
"919","919","919",814033,814105,72,"i","i","822","139","i","Input"
"920","920","920",814281,814375,94,"s","s","823","139","s","Input"
"921","921","921",814371,814520,149,"Space","Space","824","139"," ","Input"
"922","922","922",815239,815329,90,"w","w","825","140","w","Input"
"923","923","923",815468,815617,149,"a","a","826","140","a","Input"
"924","924","924",815645,815735,90,"y","y","827","140","y","Input"
"925","925","925",816521,816679,158,"Space","Space","828","140"," ","Input"
"926","926","926",816756,816840,84,"t","t","829","141","t","Input"
"927","927","927",817481,817640,159,"h","h","830","141","h","Input"
"928","928","928",817801,818040,239,"e","e","831","141","e","Input"
"929","929","929",818120,818208,88,"Space","Space","832","141"," ","Input"
"930","930","930",818684,818857,173,"p","p","833","142","p","Input"
"931","931","931",818954,819104,150,"o","o","834","142","o","Input"
"932","932","932",819438,819460,22,"i","i","835","142","i","Input"
"933","933","933",819473,819555,82,"n","n","836","142","n","Input"
"934","934","934",819716,819800,84,"t","t","837","142","t","Input"
"935","935","935",819964,820120,156,"Space","Space","838","142"," ","Input"
"936","936","936",820282,820367,85,"o","o","839","143","o","Input"
"937","937","937",820438,820609,171,"f","f","840","143","f","Input"
"938","938","938",820620,820759,139,"Space","Space","841","143"," ","Input"
"939","939","939",820852,821000,148,"p","p","842","144","p","Input"
"940","940","940",821088,821248,160,"e","e","843","144","e","Input"
"941","941","941",821154,821323,169,"o","o","844","144","o","Input"
"942","942","942",821333,821799,466,"p","p","845","144","p","Input"
"943","943","943",821884,822040,156,"l","l","846","144","l","Input"
"944","944","944",822121,822281,160,"e","e","847","144","e","Input"
"945","945","945",822433,822519,86,"Space","Space","848","144"," ","Input"
"946","946","946",823150,823248,98,"m","m","849","145","m","Input"
"947","947","947",823258,823479,221,"a","a","850","145","a","Input"
"948","948","948",823400,823483,83,"k","k","851","145","k","Input"
"949","949","949",823649,823719,70,"i","i","852","145","i","Input"
"950","950","950",823884,823959,75,"n","n","853","145","n","Input"
"951","951","951",824117,824225,108,"g","g","854","145","g","Input"
"952","952","952",824351,824521,170,"Space","Space","855","145"," ","Input"
"953","953","953",824603,824768,165,"t","t","856","146","t","Input"
"954","954","954",824838,825079,241,"h","h","857","146","h","Input"
"955","955","955",824998,825154,156,"e","e","858","146","e","Input"
"956","956","956",825181,825322,141,"Space","Space","859","146"," ","Input"
"957","957","957",825482,825577,95,"l","l","860","147","l","Input"
"958","958","958",825731,825789,58,"i","i","861","147","i","Input"
"959","959","959",825963,826130,167,"s","s","862","147","s","Input"
"960","960","960",826117,826134,17,"t","t","863","147","t","Input"
"961","961","961",826362,826464,102,"Space","Space","864","147"," ","Input"
"962","962","962",826600,826680,80,"w","w","865","148","w","Input"
"963","963","963",826753,826855,102,"h","h","866","148","h","Input"
"964","964","964",826920,827089,169,"i","i","867","148","i","Input"
"965","965","965",827100,827220,120,"c","c","868","148","c","Input"
"966","966","966",827201,827320,119,"h","h","869","148","h","Input"
"967","967","967",827559,827648,89,"Space","Space","870","148"," ","Input"
"968","968","968",827798,827960,162,"c","c","871","149","c","Input"
"969","969","969",827971,828122,151,"o","o","872","149","o","Input"
"970","970","970",828220,828370,150,"m","m","873","149","m","Input"
"971","971","971",828379,828531,152,"e","e","874","149","e","Input"
"972","972","972",828568,828680,112,"Space","Space","875","149"," ","Input"
"973","973","973",828754,828920,166,"a","a","876","150","a","Input"
"974","974","974",828989,829168,179,"c","c","877","150","c","Input"
"975","975","975",829315,829388,73,"r","r","878","150","r","Input"
"976","976","976",829798,829967,169,"o","o","879","150","o","Input"
"977","977","977",830036,830200,164,"s","s","880","150","s","Input"
"978","978","978",830271,830449,178,"s","s","881","150","s","Input"
"979","979","979",830457,830600,143,"Space","Space","882","150"," ","Input"
"980","980","980",830765,830919,154,"t","t","883","151","t","Input"
"981","981","981",831081,831174,93,"h","h","884","151","h","Input"
"982","982","982",831156,831479,323,"e","e","885","151","e","Input"
"983","983","983",831316,831484,168,"i","i","886","151","i","Input"
"984","984","984",831389,831559,170,"r","r","887","151","r","Input"
"985","985","985",831652,831801,149,"Space","Space","888","151"," ","Input"
"986","986","986",831890,831977,87,"l","l","889","152","l","Input"
"987","987","987",832119,832281,162,"i","i","890","152","i","Input"
"988","988","988",832297,832453,156,"f","f","891","152","f","Input"
"989","989","989",832433,832697,264,"e","e","892","152","e","Input"
"990","990","990",832677,832756,79,"Space","Space","893","152"," ","Input"
"991","991","991",832916,833000,84,"m","m","894","153","m","Input"
"992","992","992",833400,833479,79,"u","u","895","153","u","Input"
"993","993","993",833553,833800,247,"s","s","896","153","s","Input"
"994","994","994",833652,833806,154,"t","t","897","153","t","Input"
"995","995","995",833951,834039,88,"Space","Space","898","153"," ","Input"
"996","996","996",834199,834292,93,"b","b","899","154","b","Input"
"997","997","997",834270,834456,186,"e","e","900","154","e","Input"
"998","998","998",834463,834600,137,"Space","Space","901","154"," ","Input"
"999","999","999",834686,834840,154,"i","i","902","155","i","Input"
"1000","1000","1000",834998,835160,162,"n","n","903","155","n","Input"
"1001","1001","1001",835170,835249,79,"v","v","904","155","v","Input"
"1002","1002","1002",835319,835407,88,"o","o","905","155","o","Input"
"1003","1003","1003",835564,835638,74,"l","l","906","155","l","Input"
"1004","1004","1004",835797,835896,99,"v","v","907","155","v","Input"
"1005","1005","1005",835955,836279,324,"e","e","908","155","e","Input"
"1006","1006","1006",836195,836364,169,"d","d","909","155","d","Input"
"1007","1007","1007",836215,836360,145,"Space","Space","910","155"," ","Input"
"1008","1008","1008",836439,836600,161,"i","i","911","156","i","Input"
"1009","1009","1009",836686,836840,154,"n","n","912","156","n","Input"
"1010","1010","1010",836920,837080,160,"Space","Space","913","156"," ","Input"
"1011","1011","1011",837201,837320,119,"t","t","914","157","t","Input"
"1012","1012","1012",837389,837559,170,"h","h","915","157","h","Input"
"1013","1013","1013",837568,837902,334,"e","e","916","157","e","Input"
"1014","1014","1014",837716,837900,184,"i","i","917","157","i","Input"
"1015","1015","1015",837882,838057,175,"r","r","918","157","r","Input"
"1016","1016","1016",838065,838200,135,"Space","Space","919","157"," ","Input"
"1017","1017","1017",838457,838506,49,"o","o","920","158","o","Input"
"1018","1018","1018",839322,839426,104,"Backspace","Backspace","919","157","o","Remove/Cut"
"1019","1019","1019",839563,839640,77,"s","s","920","158","s","Input"
"1020","1020","1020",839859,839960,101,"o","o","921","158","o","Input"
"1021","1021","1021",840119,840259,140,"c","c","922","158","c","Input"
"1022","1022","1022",840352,840441,89,"i","i","923","158","i","Input"
"1023","1023","1023",840832,841000,168,"r","r","924","158","r","Input"
"1024","1024","1024",841563,841639,76,"Backspace","Backspace","923","158","r","Remove/Cut"
"1025","1025","1025",841735,841968,233,"e","e","924","158","e","Input"
"1026","1026","1026",842210,842289,79,"t","t","925","158","t","Input"
"1027","1027","1027",842432,842761,329,"y","y","926","158","y","Input"
"1028","1028","1028",845484,845639,155,".",".","927","158",".","Input"
"1029","1029","1029",846478,846760,282,"Space","Space","928","158"," ","Input"
"1030","1030","1030",849800,849901,101,"ArrowLeft","ArrowLeft","927","158","NoChange","Nonproduction"
"1031","1031","1031",851150,851239,89,"ArrowRight","ArrowRight","928","158","NoChange","Nonproduction"
"1032","1032","1032",894200,894280,80,"Space","Space","929","158"," ","Input"
"1033","1033","1033",898123,898208,85,"Backspace","Backspace","928","158"," ","Remove/Cut"
"1034","1034","1034",898832,898999,167,"Space","Space","929","158"," ","Input"
"1035","1035","1035",904218,904218,0,"Shift","Shift","929","158","NoChange","Nonproduction"
"1036","1036","1036",904437,904600,163,"I","I","930","159","I","Input"
"1037","1037","1037",904758,904840,82,"n","n","931","159","n","Input"
"1038","1038","1038",905087,905248,161,"Space","Space","932","159"," ","Input"
"1039","1039","1039",905966,906119,153,"t","t","933","160","t","Input"
"1040","1040","1040",906279,906360,81,"h","h","934","160","h","Input"
"1041","1041","1041",906527,906681,154,"i","i","935","160","i","Input"
"1042","1042","1042",906828,906853,25,"d","d","936","160","d","Input"
"1043","1043","1043",908114,908216,102,"=","=","937","160","=","Input"
"1044","1044","1044",908141,908218,77,"Backspace","Backspace","936","160","=","Remove/Cut"
"1045","1045","1045",908457,908600,143,"s","s","937","160","s","Input"
"1046","1046","1046",909566,909952,386,"Space","Space","938","160"," ","Input"
"1047","1047","1047",910905,911079,174,"Backspace","Backspace","937","160"," ","Remove/Cut"
"1048","1048","1048",911283,911305,22,"Backspace","Backspace","936","160","s","Remove/Cut"
"1049","1049","1049",911399,911495,96,"Backspace","Backspace","935","160","d","Remove/Cut"
"1050","1050","1050",911891,912055,164,"Backspace","Backspace","934","160","i","Remove/Cut"
"1051","1051","1051",912927,913081,154,"i","i","935","160","i","Input"
"1052","1052","1052",913090,913320,230,"s","s","936","160","s","Input"
"1053","1053","1053",913479,913560,81,"Space","Space","937","160"," ","Input"
"1054","1054","1054",913904,914048,144,"w","w","938","161","w","Input"
"1055","1055","1055",914198,914417,219,"a","a","939","161","a","Input"
"1056","1056","1056",914533,914786,253,"s","s","940","161","s","Input"
"1057","1057","1057",915855,915968,113,"Backspace","Backspace","939","161","s","Remove/Cut"
"1058","1058","1058",916279,916380,101,"y","y","940","161","y","Input"
"1059","1059","1059",916592,916722,130,"Space","Space","941","161"," ","Input"
"1060","1060","1060",916988,917177,189,"i","i","942","162","i","Input"
"1061","1061","1061",917213,917495,282,"t","t","943","162","t","Input"
"1062","1062","1062",917503,917639,136,"Space","Space","944","162"," ","Input"
"1063","1063","1063",918420,918528,108,"i","i","945","163","i","Input"
"1064","1064","1064",919010,919203,193,"s","s","946","163","s","Input"
"1065","1065","1065",919393,919560,167,"Space","Space","947","163"," ","Input"
"1066","1066","1066",919728,919900,172,"m","m","948","164","m","Input"
"1067","1067","1067",920062,920127,65,"o","o","949","164","o","Input"
"1068","1068","1068",920231,920383,152,"s","s","950","164","s","Input"
"1069","1069","1069",920685,920899,214,"t","t","951","164","t","Input"
"1070","1070","1070",921332,921349,17,"l","l","952","164","l","Input"
"1071","1071","1071",921480,921559,79,"y","y","953","164","y","Input"
"1072","1072","1072",921743,921849,106,"Space","Space","954","164"," ","Input"
"1073","1073","1073",922044,922208,164,"s","s","955","165","s","Input"
"1074","1074","1074",922219,922359,140,"p","p","956","165","p","Input"
"1075","1075","1075",922591,922759,168,"e","e","957","165","e","Input"
"1076","1076","1076",922990,923080,90,"n","n","958","165","n","Input"
"1077","1077","1077",923243,923418,175,"d","d","959","165","d","Input"
"1078","1078","1078",923430,923568,138,"i","i","960","165","i","Input"
"1079","1079","1079",923745,923880,135,"n","n","961","165","n","Input"
"1080","1080","1080",924043,924115,72,"g","g","962","165","g","Input"
"1081","1081","1081",924357,924440,83,"Space","Space","963","165"," ","Input"
"1082","1082","1082",924595,924669,74,"m","m","964","166","m","Input"
"1083","1083","1083",924843,924999,156,"o","o","965","166","o","Input"
"1084","1084","1084",925256,925368,112,"n","n","966","166","n","Input"
"1085","1085","1085",925481,925717,236,"e","e","967","166","e","Input"
"1086","1086","1086",925725,925800,75,"y","y","968","166","y","Input"
"1087","1087","1087",925962,926267,305,"Space","Space","969","166"," ","Input"
"1088","1088","1088",926276,926360,84,"t","t","970","167","t","Input"
"1089","1089","1089",926433,926521,88,"h","h","971","167","h","Input"
"1090","1090","1090",926787,926801,14,"r","r","972","167","r","Input"
"1091","1091","1091",926992,927079,87,"o","o","973","167","o","Input"
"1092","1092","1092",927227,927320,93,"u","u","974","167","u","Input"
"1093","1093","1093",927478,927640,162,"g","g","975","167","g","Input"
"1094","1094","1094",927716,927933,217,"h","h","976","167","h","Input"
"1095","1095","1095",928048,928342,294,"Space","Space","977","167"," ","Input"
"1096","1096","1096",928351,928366,15,"t","t","978","168","t","Input"
"1097","1097","1097",928434,928520,86,"h","h","979","168","h","Input"
"1098","1098","1098",928708,928840,132,"i","i","980","168","i","Input"
"1099","1099","1099",928932,929089,157,"s","s","981","168","s","Input"
"1100","1100","1100",929198,929257,59,"Space","Space","982","168"," ","Input"
"1101","1101","1101",929318,929717,399,"w","w","983","169","w","Input"
"1102","1102","1102",929728,929800,72,"a","a","984","169","a","Input"
"1103","1103","1103",929899,930040,141,"y","y","985","169","y","Input"
"1104","1104","1104",930579,930680,101,".",".","986","169",".","Input"
"1105","1105","1105",931015,931036,21,"Space","Space","987","169"," ","Input"
"1106","1106","1106",932198,932198,0,"Shift","Shift","987","169","NoChange","Nonproduction"
"1107","1107","1107",932385,932448,63,"B","B","988","170","B","Input"
"1108","1108","1108",932677,932761,84,"y","y","989","170","y","Input"
"1109","1109","1109",933004,933159,155,"Space","Space","990","170"," ","Input"
"1110","1110","1110",933404,933559,155,"a","a","991","171","a","Input"
"1111","1111","1111",933711,933808,97,"s","s","992","171","s","Input"
"1112","1112","1112",933930,934128,198,"s","s","993","171","s","Input"
"1113","1113","1113",934200,934423,223,"u","u","994","171","u","Input"
"1114","1114","1114",934516,934600,84,"m","m","995","171","m","Input"
"1115","1115","1115",934917,934939,22,"i","i","996","171","i","Input"
"1116","1116","1116",934999,935162,163,"n","n","997","171","n","Input"
"1117","1117","1117",935233,935399,166,"g","g","998","171","g","Input"
"1118","1118","1118",935559,935720,161,"Space","Space","999","171"," ","Input"
"1119","1119","1119",935799,935960,161,"t","t","1000","172","t","Input"
"1120","1120","1120",936113,936280,167,"h","h","1001","172","h","Input"
"1121","1121","1121",936296,936535,239,"a","a","1002","172","a","Input"
"1122","1122","1122",936429,936659,230,"t","t","1003","172","t","Input"
"1123","1123","1123",936764,936920,156,"Space","Space","1004","172"," ","Input"
"1124","1124","1124",937080,937170,90,"t","t","1005","173","t","Input"
"1125","1125","1125",937312,937517,205,"h","h","1006","173","h","Input"
"1126","1126","1126",937493,937659,166,"e","e","1007","173","e","Input"
"1127","1127","1127",937631,937718,87,"y","y","1008","173","y","Input"
"1128","1128","1128",937894,938768,874,"Space","Space","1009","173"," ","Input"
"1129","1129","1129",938778,938784,6,"c","c","1010","174","c","Input"
"1130","1130","1130",938791,939025,234,"a","a","1011","174","a","Input"
"1131","1131","1131",938796,939033,237,"n","n","1012","174","n","Input"
"1132","1132","1132",939042,939088,46,"Space","Space","1013","174"," ","Input"
"1133","1133","1133",939167,939319,152,"b","b","1014","175","b","Input"
"1134","1134","1134",939330,939480,150,"e","e","1015","175","e","Input"
"1135","1135","1135",939565,939648,83,"Space","Space","1016","175"," ","Input"
"1136","1136","1136",939889,939966,77,"m","m","1017","176","m","Input"
"1137","1137","1137",940130,940221,91,"o","o","1018","176","o","Input"
"1138","1138","1138",940233,940536,303,"s","s","1019","176","s","Input"
"1139","1139","1139",940991,941088,97,"t","t","1020","176","t","Input"
"1140","1140","1140",941578,941719,141,"l","l","1021","176","l","Input"
"1141","1141","1141",941847,942048,201,"y","y","1022","176","y","Input"
"1142","1142","1142",943000,943414,414,"Space","Space","1023","176"," ","Input"
"1143","1143","1143",943820,944288,468,"i","i","1024","177","i","Input"
"1144","1144","1144",944197,944457,260,"n","n","1025","177","n","Input"
"1145","1145","1145",944467,944768,301,"v","v","1026","177","v","Input"
"1146","1146","1146",944927,945168,241,"o","o","1027","177","o","Input"
"1147","1147","1147",945566,945925,359,"v","v","1028","177","v","Input"
"1148","1148","1148",945790,946117,327,"e","e","1029","177","e","Input"
"1149","1149","1149",946046,946360,314,"d","d","1030","177","d","Input"
"1150","1150","1150",946199,946607,408,"Space","Space","1031","177"," ","Input"
"1151","1151","1151",946526,946700,174,"i","i","1032","178","i","Input"
"1152","1152","1152",946752,946928,176,"n","n","1033","178","n","Input"
"1153","1153","1153",947015,947320,305,"Space","Space","1034","178"," ","Input"
"1154","1154","1154",947384,947488,104,"t","t","1035","179","t","Input"
"1155","1155","1155",947551,947799,248,"h","h","1036","179","h","Input"
"1156","1156","1156",947726,948048,322,"e","e","1037","179","e","Input"
"1157","1157","1157",947929,948199,270,"r","r","1038","179","r","Input"
"1158","1158","1158",948207,948528,321,"i","i","1039","179","i","Input"
"1159","1159","1159",949645,949735,90,"Backspace","Backspace","1038","179","i","Remove/Cut"
"1160","1160","1160",949883,950040,157,"Backspace","Backspace","1037","179","r","Remove/Cut"
"1161","1161","1161",951010,951080,70,"\\","\\","1038","179","\\","Input"
"1162","1162","1162",952212,952279,67,"\\","\\","1039","179","\\","Input"
"1163","1163","1163",953332,953408,76,"Backspace","Backspace","1038","179","\\","Remove/Cut"
"1164","1164","1164",953559,953728,169,"Backspace","Backspace","1037","179","\\","Remove/Cut"
"1165","1165","1165",954276,954449,173,"Backspace","Backspace","1036","179","e","Remove/Cut"
"1166","1166","1166",955408,955468,60,"i","i","1037","179","i","Input"
"1167","1167","1167",955830,956039,209,"r","r","1038","179","r","Input"
"1168","1168","1168",956369,956519,150,"Space","Space","1039","179"," ","Input"
"1169","1169","1169",959803,959904,101,"e","e","1040","180","e","Input"
"1170","1170","1170",960115,960207,92,"n","n","1041","180","n","Input"
"1171","1171","1171",960380,960527,147,"e","e","1042","180","e","Input"
"1172","1172","1172",960927,961080,153,"r","r","1043","180","r","Input"
"1173","1173","1173",961259,961408,149,"g","g","1044","180","g","Input"
"1174","1174","1174",961483,961647,164,"y","y","1045","180","y","Input"
"1175","1175","1175",961794,961968,174,"Space","Space","1046","180"," ","Input"
"1176","1176","1176",961977,962144,167,"t","t","1047","181","t","Input"
"1177","1177","1177",962129,962300,171,"h","h","1048","181","h","Input"
"1178","1178","1178",962523,962607,84,"i","i","1049","181","i","Input"
"1179","1179","1179",962916,962934,18,"n","n","1050","181","n","Input"
"1180","1180","1180",963159,963250,91,"g","g","1051","181","g","Input"
"1181","1181","1181",963798,963879,81,".",".","1052","181",".","Input"
"1182","1182","1182",964681,964849,168,"Space","Space","1053","181"," ","Input"
"1183","1183","1183",967400,967400,0,"Shift","Shift","1053","181","NoChange","Nonproduction"
"1184","1184","1184",967728,967959,231,"I","I","1054","182","I","Input"
"1185","1185","1185",968129,968289,160,"t","t","1055","182","t","Input"
"1186","1186","1186",968524,968600,76,"Space","Space","1056","182"," ","Input"
"1187","1187","1187",968838,968927,89,"w","w","1057","183","w","Input"
"1188","1188","1188",968998,969160,162,"o","o","1058","183","o","Input"
"1189","1189","1189",969262,969400,138,"u","u","1059","183","u","Input"
"1190","1190","1190",969561,969729,168,"l","l","1060","183","l","Input"
"1191","1191","1191",969799,969970,171,"d","d","1061","183","d","Input"
"1192","1192","1192",970111,970359,248,"Space","Space","1062","183"," ","Input"
"1193","1193","1193",971077,971128,51,"b","b","1063","184","b","Input"
"1194","1194","1194",971138,971416,278,"e","e","1064","184","e","Input"
"1195","1195","1195",971669,971799,130,"Space","Space","1065","184"," ","Input"
"1196","1196","1196",972831,972919,88,"r","r","1066","185","r","Input"
"1197","1197","1197",973078,973165,87,"e","e","1067","185","e","Input"
"1198","1198","1198",973309,973421,112,"m","m","1068","185","m","Input"
"1199","1199","1199",973497,973768,271,"a","a","1069","185","a","Input"
"1200","1200","1200",974524,974688,164,"i","i","1070","185","i","Input"
"1201","1201","1201",974828,975007,179,"n","n","1071","185","n","Input"
"1202","1202","1202",975083,975469,386,"s","s","1072","185","s","Input"
"1203","1203","1203",975449,975559,110,"Space","Space","1073","185"," ","Input"
"1204","1204","1204",1025158,1025320,162,"t","t","1074","186","t","Input"
"1205","1205","1205",1025732,1025747,15,"o","o","1075","186","o","Input"
"1206","1206","1206",1026033,1026199,166,"Space","Space","1076","186"," ","Input"
"1207","1207","1207",1026279,1026600,321,"a","a","1077","187","a","Input"
"1208","1208","1208",1026610,1026680,70,"n","n","1078","187","n","Input"
"1209","1209","1209",1027163,1027396,233,"Space","Space","1079","187"," ","Input"
"1210","1210","1210",1027724,1028047,323,"s","s","1080","188","s","Input"
"1211","1211","1211",1028283,1028440,157,"p","p","1081","188","p","Input"
"1212","1212","1212",1028670,1028839,169,"e","e","1082","188","e","Input"
"1213","1213","1213",1029021,1029104,83,"c","c","1083","188","c","Input"
"1214","1214","1214",1029319,1029419,100,"i","i","1084","188","i","Input"
"1215","1215","1215",1029480,1029733,253,"a","a","1085","188","a","Input"
"1216","1216","1216",1029720,1029818,98,"l","l","1086","188","l","Input"
"1217","1217","1217",1029957,1030049,92,"Space","Space","1087","188"," ","Input"
"1218","1218","1218",1030253,1030368,115,"t","t","1088","189","t","Input"
"1219","1219","1219",1030378,1030451,73,"h","h","1089","189","h","Input"
"1220","1220","1220",1030622,1030769,147,"i","i","1090","189","i","Input"
"1221","1221","1221",1030924,1030997,73,"n","n","1091","189","n","Input"
"1222","1222","1222",1031159,1031248,89,"h","h","1092","189","h","Input"
"1223","1223","1223",1032031,1032113,82,"Backspace","Backspace","1091","189","h","Remove/Cut"
"1224","1224","1224",1032485,1032510,25,"g","g","1092","189","g","Input"
"1225","1225","1225",1032675,1032891,216,"s","s","1093","189","s","Input"
"1226","1226","1226",1032925,1033008,83,"Space","Space","1094","189"," ","Input"
"1227","1227","1227",1033971,1034057,86,"c","c","1095","190","c","Input"
"1228","1228","1228",1034287,1034368,81,"o","o","1096","190","o","Input"
"1229","1229","1229",1034601,1034665,64,"n","n","1097","190","n","Input"
"1230","1230","1230",1034841,1035007,166,"s","s","1098","190","s","Input"
"1231","1231","1231",1035331,1035397,66,"u","u","1099","190","u","Input"
"1232","1232","1232",1035636,1035716,80,"m","m","1100","190","m","Input"
"1233","1233","1233",1035890,1035960,70,"i","i","1101","190","i","Input"
"1234","1234","1234",1036125,1036207,82,"n","n","1102","190","n","Input"
"1235","1235","1235",1036357,1036446,89,"g","g","1103","190","g","Input"
"1236","1236","1236",1036529,1036687,158,"Space","Space","1104","190"," ","Input"
"1237","1237","1237",1036996,1037065,69,"t","t","1105","191","t","Input"
"1238","1238","1238",1037241,1037320,79,"h","h","1106","191","h","Input"
"1239","1239","1239",1037474,1037559,85,"r","r","1107","191","r","Input"
"1240","1240","1240",1037675,1037888,213,"o","o","1108","191","o","Input"
"1241","1241","1241",1037962,1038055,93,"u","u","1109","191","u","Input"
"1242","1242","1242",1038284,1038346,62,"g","g","1110","191","g","Input"
"1243","1243","1243",1038509,1038597,88,"h","h","1111","191","h","Input"
"1244","1244","1244",1038760,1038920,160,"Space","Space","1112","191"," ","Input"
"1245","1245","1245",1039409,1039479,70,"t","t","1113","192","t","Input"
"1246","1246","1246",1039640,1039719,79,"h","h","1114","192","h","Input"
"1247","1247","1247",1039874,1040039,165,"e","e","1115","192","e","Input"
"1248","1248","1248",1040061,1040119,58,"i","i","1116","192","i","Input"
"1249","1249","1249",1040196,1040367,171,"r","r","1117","192","r","Input"
"1250","1250","1250",1040377,1040527,150,"Space","Space","1118","192"," ","Input"
"1251","1251","1251",1040689,1040839,150,"a","a","1119","193","a","Input"
"1252","1252","1252",1040991,1041168,177,"s","s","1120","193","s","Input"
"1253","1253","1253",1041323,1041408,85,"p","p","1121","193","p","Input"
"1254","1254","1254",1041635,1041720,85,"e","e","1122","193","e","Input"
"1255","1255","1255",1041874,1042120,246,"c","c","1123","193","c","Input"
"1256","1256","1256",1042129,1042245,116,"t","t","1124","193","t","Input"
"1257","1257","1257",1042359,1042519,160,"s","s","1125","193","s","Input"
"1258","1258","1258",1042673,1042760,87,"Space","Space","1126","193"," ","Input"
"1259","1259","1259",1144361,1144448,87,"Space","Space","1127","193"," ","Input"
"1260","1260","1260",1156641,1156932,291,"o","o","1128","194","o","Input"
"1261","1261","1261",1156946,1157247,301,"f","f","1129","194","f","Input"
"1262","1262","1262",1157167,1157476,309,"Space","Space","1130","194"," ","Input"
"1263","1263","1263",1157488,1157640,152,"t","t","1131","195","t","Input"
"1264","1264","1264",1157651,1157786,135,"i","i","1132","195","i","Input"
"1265","1265","1265",1157999,1158125,126,"m","m","1133","195","m","Input"
"1266","1266","1266",1158134,1158440,306,"e","e","1134","195","e","Input"
"1267","1267","1267",1158523,1158688,165,".",".","1135","195",".","Input"
"1268","1268","1268",1158929,1159264,335,"Space","Space","1136","195"," ","Input"
"1269","1269","1269",1162687,1162768,81,"i","i","1137","196","i","Input"
"1270","1270","1270",1163246,1163308,62,"n","n","1138","196","n","Input"
"1271","1271","1271",1164359,1164520,161,"Space","Space","1139","196"," ","Input"
"1272","1272","1272",1164933,1165007,74,"t","t","1140","197","t","Input"
"1273","1273","1273",1165174,1165321,147,"h","h","1141","197","h","Input"
"1274","1274","1274",1165562,1165722,160,"i","i","1142","197","i","Input"
"1275","1275","1275",1165792,1165976,184,"s","s","1143","197","s","Input"
"1276","1276","1276",1166041,1166208,167,"Space","Space","1144","197"," ","Input"
"1277","1277","1277",1166672,1166758,86,"w","w","1145","198","w","Input"
"1278","1278","1278",1166934,1167160,226,"a","a","1146","198","a","Input"
"1279","1279","1279",1167172,1167266,94,"y","y","1147","198","y","Input"
"1280","1280","1280",1167482,1167648,166,"Space","Space","1148","198"," ","Input"
"1281","1281","1281",1167958,1168127,169,"e","e","1149","199","e","Input"
"1282","1282","1282",1168206,1168279,73,"n","n","1150","199","n","Input"
"1283","1283","1283",1168887,1169087,200,"e","e","1151","199","e","Input"
"1284","1284","1284",1169251,1169450,199,"r","r","1152","199","r","Input"
"1285","1285","1285",1169485,1169655,170,"g","g","1153","199","g","Input"
"1286","1286","1286",1169740,1169929,189,"y","y","1154","199","y","Input"
"1287","1287","1287",1170118,1170288,170,"Space","Space","1155","199"," ","Input"
"1288","1288","1288",1178691,1178920,229,"w","w","1156","200","w","Input"
"1289","1289","1289",1178990,1179248,258,"a","a","1157","200","a","Input"
"1290","1290","1290",1179262,1179641,379,"s","s","1158","200","s","Input"
"1291","1291","1291",1179873,1179973,100,"Space","Space","1159","200"," ","Input"
"1292","1292","1292",1179900,1179968,68,"n","n","1160","201","n","Input"
"1293","1293","1293",1182440,1182507,67,"Backspace","Backspace","1159","200","n","Remove/Cut"
"1294","1294","1294",1183563,1183728,165,"r","r","1160","201","r","Input"
"1295","1295","1295",1183807,1184048,241,"e","e","1161","201","e","Input"
"1296","1296","1296",1184113,1184288,175,"d","d","1162","201","d","Input"
"1297","1297","1297",1184389,1184544,155,"u","u","1163","201","u","Input"
"1298","1298","1298",1184554,1184759,205,"c","c","1164","201","c","Input"
"1299","1299","1299",1185330,1185504,174,"i","i","1165","201","i","Input"
"1300","1300","1300",1185714,1185790,76,"n","n","1166","201","n","Input"
"1301","1301","1301",1185967,1186221,254,"g","g","1167","201","g","Input"
"1302","1302","1302",1186210,1186359,149,"Space","Space","1168","201"," ","Input"
"1303","1303","1303",1187087,1187328,241,"w","w","1169","202","w","Input"
"1304","1304","1304",1187390,1187488,98,"i","i","1170","202","i","Input"
"1305","1305","1305",1187713,1187790,77,"t","t","1171","202","t","Input"
"1306","1306","1306",1187966,1188048,82,"h","h","1172","202","h","Input"
"1307","1307","1307",1188203,1188368,165,"Space","Space","1173","202"," ","Input"
"1308","1308","1308",1188518,1188683,165,"t","t","1174","203","t","Input"
"1309","1309","1309",1188755,1189096,341,"h","h","1175","203","h","Input"
"1310","1310","1310",1188995,1189407,412,"e","e","1176","203","e","Input"
"1311","1311","1311",1189251,1189560,309,"Space","Space","1177","203"," ","Input"
"1312","1312","1312",1190157,1190280,123,"p","p","1178","204","p","Input"
"1313","1313","1313",1190449,1190608,159,"o","o","1179","204","o","Input"
"1314","1314","1314",1190753,1190840,87,"i","i","1180","204","i","Input"
"1315","1315","1315",1191000,1191168,168,"n","n","1181","204","n","Input"
"1316","1316","1316",1191381,1191488,107,"t","t","1182","204","t","Input"
"1317","1317","1317",1191572,1191888,316,"s","s","1183","204","s","Input"
"1318","1318","1318",1192126,1192360,234,"Space","Space","1184","204"," ","Input"
"1319","1319","1319",1192439,1192839,400,"o","o","1185","205","o","Input"
"1320","1320","1320",1192678,1193080,402,"f","f","1186","205","f","Input"
"1321","1321","1321",1193000,1193239,239,"Space","Space","1187","205"," ","Input"
"1322","1322","1322",1197951,1198199,248,"t","t","1188","206","t","Input"
"1323","1323","1323",1199249,1199485,236,"i","i","1189","206","i","Input"
"1324","1324","1324",1199272,1199480,208,"o","o","1190","206","o","Input"
"1325","1325","1325",1201319,1201645,326,"m","m","1191","206","m","Input"
"1326","1326","1326",1202598,1202775,177,"e","e","1192","206","e","Input"
"1327","1327","1327",1203803,1203881,78,"Backspace","Backspace","1191","206","e","Remove/Cut"
"1328","1328","1328",1204049,1204202,153,"Backspace","Backspace","1190","206","m","Remove/Cut"
"1329","1329","1329",1204366,1204440,74,"Backspace","Backspace","1189","206","o","Remove/Cut"
"1330","1330","1330",1204600,1204673,73,"Backspace","Backspace","1188","206","i","Remove/Cut"
"1331","1331","1331",1206043,1206120,77,"i","i","1189","206","i","Input"
"1332","1332","1332",1206069,1206120,51,"o","o","1190","206","o","Input"
"1333","1333","1333",1207552,1207625,73,"Backspace","Backspace","1189","206","o","Remove/Cut"
"1334","1334","1334",1207957,1208369,412,"m","m","1190","206","m","Input"
"1335","1335","1335",1208197,1208599,402,"e","e","1191","206","e","Input"
"1336","1336","1336",1209637,1209800,163,".",".","1192","206",".","Input"
"1337","1337","1337",1210124,1210200,76,"Space","Space","1193","206"," ","Input"
"1338","1338","1338",1210432,1210568,136,"m","m","1194","207","m","Input"
"1339","1339","1339",1210764,1210842,78,"o","o","1195","207","o","Input"
"1340","1340","1340",1211953,1212209,256,"d","d","1196","207","d","Input"
"1341","1341","1341",1212682,1212698,16,"Backspace","Backspace","1195","207","d","Remove/Cut"
"1342","1342","1342",1213086,1213098,12,"Backspace","Backspace","1194","207","o","Remove/Cut"
"1343","1343","1343",1213235,1213400,165,"Backspace","Backspace","1193","206","m","Remove/Cut"
"1344","1344","1344",1213574,1213648,74,"Backspace","Backspace","1192","206"," ","Remove/Cut"
"1345","1345","1345",1214516,1214516,0,"Shift","Shift","1192","206","NoChange","Nonproduction"
"1346","1346","1346",1214922,1215080,158,"S","s","1193","206","S","Input"
"1347","1347","1347",1215648,1215880,232,"o","o","1194","206","o","Input"
"1348","1348","1348",1216837,1217000,163,"c","c","1195","206","c","Input"
"1349","1349","1349",1217231,1217306,75,"i","i","1196","206","i","Input"
"1350","1350","1350",1217638,1217968,330,"e","e","1197","206","e","Input"
"1351","1351","1351",1217989,1218120,131,"t","t","1198","206","t","Input"
"1352","1352","1352",1218205,1218329,124,"y","y","1199","206","y","Input"
"1353","1353","1353",1218514,1218680,166,"Space","Space","1200","206"," ","Input"
"1354","1354","1354",1218833,1218928,95,"c","c","1201","207","c","Input"
"1355","1355","1355",1219320,1219494,174,"a","a","1202","207","a","Input"
"1356","1356","1356",1219482,1219560,78,"n","n","1203","207","n","Input"
"1357","1357","1357",1219654,1219809,155,"Space","Space","1204","207"," ","Input"
"1358","1358","1358",1219873,1220040,167,"b","b","1205","208","b","Input"
"1359","1359","1359",1220051,1220200,149,"e","e","1206","208","e","Input"
"1360","1360","1360",1220287,1220447,160,"Space","Space","1207","208"," ","Input"
"1361","1361","1361",1221423,1221560,137,"c","c","1208","209","c","Input"
"1362","1362","1362",1221573,1221728,155,"h","h","1209","209","h","Input"
"1363","1363","1363",1221804,1221976,172,"a","a","1210","209","a","Input"
"1364","1364","1364",1221950,1222047,97,"n","n","1211","209","n","Input"
"1365","1365","1365",1222200,1222295,95,"g","g","1212","209","g","Input"
"1366","1366","1366",1222373,1222666,293,"e","e","1213","209","e","Input"
"1367","1367","1367",1222596,1222847,251,"d","d","1214","209","d","Input"
"1368","1368","1368",1222784,1222999,215,"Space","Space","1215","209"," ","Input"
"1369","1369","1369",1223153,1223567,414,"a","a","1216","210","a","Input"
"1370","1370","1370",1223492,1223728,236,"s","s","1217","210","s","Input"
"1371","1371","1371",1223638,1223829,191,"Space","Space","1218","210"," ","Input"
"1372","1372","1372",1224679,1224839,160,"a","a","1219","211","a","Input"
"1373","1373","1373",1224922,1225000,78,"n","n","1220","211","n","Input"
"1374","1374","1374",1225339,1225405,66,"y","y","1221","211","y","Input"
"1375","1375","1375",1225566,1225642,76,"t","t","1222","211","t","Input"
"1376","1376","1376",1225800,1225880,80,"h","h","1223","211","h","Input"
"1377","1377","1377",1226128,1226207,79,"i","i","1224","211","i","Input"
"1378","1378","1378",1226351,1226440,89,"n","n","1225","211","n","Input"
"1379","1379","1379",1226614,1226688,74,"g","g","1226","211","g","Input"
"1380","1380","1380",1226927,1227001,74,"Space","Space","1227","211"," ","Input"
"1381","1381","1381",1227072,1227240,168,"a","a","1228","212","a","Input"
"1382","1382","1382",1227321,1227641,320,"s","s","1229","212","s","Input"
"1383","1383","1383",1227562,1227728,166,"Space","Space","1230","212"," ","Input"
"1384","1384","1384",1228133,1228207,74,"b","b","1231","213","b","Input"
"1385","1385","1385",1228271,1228457,186,"e","e","1232","213","e","Input"
"1386","1386","1386",1228474,1228600,126,"Space","Space","1233","213"," ","Input"
"1387","1387","1387",1228764,1228919,155,"a","a","1234","214","a","Input"
"1388","1388","1388",1229967,1230047,80,"n","n","1235","214","n","Input"
"1389","1389","1389",1230308,1230402,94,"y","y","1236","214","y","Input"
"1390","1390","1390",1230611,1230700,89,"w","w","1237","214","w","Input"
"1391","1391","1391",1230756,1230838,82,"h","h","1238","214","h","Input"
"1392","1392","1392",1230921,1231289,368,"e","e","1239","214","e","Input"
"1393","1393","1393",1231256,1231497,241,"r","r","1240","214","r","Input"
"1394","1394","1394",1231480,1231719,239,"e","e","1241","214","e","Input"
"1395","1395","1395",1232057,1232200,143,".",".","1242","214",".","Input"
"1396","1396","1396",1232411,1232528,117,"Space","Space","1243","214"," ","Input"
"1397","1397","1397",1235577,1235641,64,"Leftclick","Leftclick","1192","214","NoChange","Nonproduction"
"1398","1398","1398",1235899,1236131,232,"Space","Space","1193","215"," ","Input"
"1399","1399","1399",1237892,1237959,67,"Leftclick","Leftclick","1127","215","NoChange","Nonproduction"
"1400","1400","1400",1238535,1238696,161,"Leftclick","Leftclick","870","215","NoChange","Nonproduction"
"1401","1401","1401",1239723,1239879,156,"Leftclick","Leftclick","867","215","NoChange","Nonproduction"
"1402","1402","1402",1240369,1240519,150,"Leftclick","Leftclick","865","215","NoChange","Nonproduction"
"1403","1403","1403",1240775,1240839,64,"Leftclick","Leftclick","971","215","NoChange","Nonproduction"
"1404","1404","1404",1241188,1241320,132,"Leftclick","Leftclick","878","215","NoChange","Nonproduction"
"1405","1405","1405",1241577,1241719,142,"Leftclick","Leftclick","611","215","NoChange","Nonproduction"
"1406","1406","1406",1241984,1242121,137,"Leftclick","Leftclick","595","215","NoChange","Nonproduction"
"1407","1407","1407",1242525,1242680,155,"Leftclick","Leftclick","514","215","NoChange","Nonproduction"
"1408","1408","1408",1244359,1245000,641,"Leftclick","Leftclick","413","215","NoChange","Nonproduction"
"1409","1409","1409",1252372,1252543,171,"Leftclick","Leftclick","596","215","NoChange","Nonproduction"
"1410","1410","1410",1252838,1253000,162,"Leftclick","Leftclick","1227","215","NoChange","Nonproduction"
"1411","1411","1411",1253350,1253479,129,"Leftclick","Leftclick","1060","215","NoChange","Nonproduction"
"1412","1412","1412",1254138,1254279,141,"Leftclick","Leftclick","1064","215","NoChange","Nonproduction"
"1413","1413","1413",1257481,1258260,779,"Leftclick","Leftclick","933","215","NoChange","Nonproduction"
"1414","1414","1414",1258520,1258608,88,"Leftclick","Leftclick","759","215","NoChange","Nonproduction"
"1415","1415","1415",1258790,1258921,131,"Leftclick","Leftclick","860","215","NoChange","Nonproduction"
"1416","1416","1416",1259087,1259256,169,"Leftclick","Leftclick","955","215","NoChange","Nonproduction"
"1417","1417","1417",1259336,1259499,163,"Leftclick","Leftclick","951","215","NoChange","Nonproduction"
"1418","1418","1418",1259652,1259729,77,"Leftclick","Leftclick","948","215","NoChange","Nonproduction"
"1419","1419","1419",1259871,1260040,169,"Leftclick","Leftclick","852","215","NoChange","Nonproduction"
"1420","1420","1420",1260129,1260299,170,"Leftclick","Leftclick","767","215","NoChange","Nonproduction"
"1421","1421","1421",1260436,1260553,117,"Leftclick","Leftclick","680","215","NoChange","Nonproduction"
"1422","1422","1422",1260698,1260791,93,"Leftclick","Leftclick","681","215","NoChange","Nonproduction"
"1423","1423","1423",1260938,1261138,200,"Leftclick","Leftclick","501","215","NoChange","Nonproduction"
"1424","1424","1424",1261269,1261333,64,"Leftclick","Leftclick","408","215","NoChange","Nonproduction"
"1425","1425","1425",1261509,1261647,138,"Leftclick","Leftclick","411","215","NoChange","Nonproduction"
"1426","1426","1426",1261803,1261930,127,"Leftclick","Leftclick","325","215","NoChange","Nonproduction"
"1427","1427","1427",1262119,1262215,96,"Leftclick","Leftclick","322","215","NoChange","Nonproduction"
"1428","1428","1428",1262433,1262521,88,"Leftclick","Leftclick","409","215","NoChange","Nonproduction"
"1429","1429","1429",1262677,1262770,93,"Leftclick","Leftclick","413","215","NoChange","Nonproduction"
"1430","1430","1430",1262916,1263087,171,"Leftclick","Leftclick","1244","215","NoChange","Nonproduction"
"1431","1431","1431",1263251,1263335,84,"Leftclick","Leftclick","409","215","NoChange","Nonproduction"
"1432","1432","1432",1263553,1263686,133,"Leftclick","Leftclick","413","215","NoChange","Nonproduction"
"1433","1433","1433",1263876,1263969,93,"Leftclick","Leftclick","1244","215","NoChange","Nonproduction"
"1434","1434","1434",1264454,1264599,145,"Leftclick","Leftclick","592","215","NoChange","Nonproduction"
"1435","1435","1435",1265072,1265171,99,"Leftclick","Leftclick","591","215","NoChange","Nonproduction"
"1436","1436","1436",1265770,1265879,109,"Leftclick","Leftclick","760","215","NoChange","Nonproduction"
"1437","1437","1437",1266037,1266149,112,"Leftclick","Leftclick","761","215","NoChange","Nonproduction"
"1438","1438","1438",1266211,1266367,156,"Leftclick","Leftclick","851","215","NoChange","Nonproduction"
"1439","1439","1439",1266536,1266599,63,"Leftclick","Leftclick","853","215","NoChange","Nonproduction"
"1440","1440","1440",1266719,1266840,121,"Leftclick","Leftclick","855","215","NoChange","Nonproduction"
"1441","1441","1441",1267013,1267160,147,"Leftclick","Leftclick","855","215","NoChange","Nonproduction"
"1442","1442","1442",1267269,1267401,132,"Leftclick","Leftclick","951","215","NoChange","Nonproduction"
"1443","1443","1443",1267584,1267652,68,"Leftclick","Leftclick","1032","215","NoChange","Nonproduction"
"1444","1444","1444",1267917,1268044,127,"Leftclick","Leftclick","844","215","NoChange","Nonproduction"
"1445","1445","1445",1268203,1268287,84,"Leftclick","Leftclick","752","215","NoChange","Nonproduction"
"1446","1446","1446",1268435,1268522,87,"Leftclick","Leftclick","666","215","NoChange","Nonproduction"
"1447","1447","1447",1268647,1268778,131,"Leftclick","Leftclick","667","215","NoChange","Nonproduction"
"1448","1448","1448",1268917,1268995,78,"Leftclick","Leftclick","584","215","NoChange","Nonproduction"
"1449","1449","1449",1269168,1269239,71,"Leftclick","Leftclick","594","215","NoChange","Nonproduction"
"1450","1450","1450",1269423,1269487,64,"Leftclick","Leftclick","689","215","NoChange","Nonproduction"
"1451","1451","1451",1269637,1269747,110,"Leftclick","Leftclick","689","215","NoChange","Nonproduction"
"1452","1452","1452",1269870,1269983,113,"Leftclick","Leftclick","688","215","NoChange","Nonproduction"
"1453","1453","1453",1270374,1270527,153,"Leftclick","Leftclick","694","215","NoChange","Nonproduction"
"1454","1454","1454",1270685,1270768,83,"Leftclick","Leftclick","688","215","NoChange","Nonproduction"
"1455","1455","1455",1319412,1319568,156,"Leftclick","Leftclick","688","215","NoChange","Nonproduction"
"1456","1456","1456",1351263,1351567,304,"Leftclick","Leftclick","517","215","NoChange","Nonproduction"
"1457","1457","1457",1352225,1352367,142,"Leftclick","Leftclick","599","215","NoChange","Nonproduction"
"1458","1458","1458",1359519,1359720,201,"Leftclick","Leftclick","504","215","NoChange","Nonproduction"
"1459","1459","1459",1360046,1360199,153,"Leftclick","Leftclick","493","215","NoChange","Nonproduction"
"1460","1460","1460",1360531,1360774,243,"Leftclick","Leftclick","493","215","NoChange","Nonproduction"
"1461","1461","1461",1360948,1361089,141,"Leftclick","Leftclick","490","215","NoChange","Nonproduction"
"1462","1462","1462",1361261,1361407,146,"Leftclick","Leftclick","484","215","NoChange","Nonproduction"
"1463","1463","1463",1361580,1361742,162,"Leftclick","Leftclick","481","215","NoChange","Nonproduction"
"1464","1464","1464",1361810,1361968,158,"Leftclick","Leftclick","474","215","NoChange","Nonproduction"
"1465","1465","1465",1362063,1362288,225,"Leftclick","Leftclick","379","215","NoChange","Nonproduction"
"1466","1466","1466",1362448,1362920,472,"Leftclick","Leftclick","379","215","NoChange","Nonproduction"
"1467","1467","1467",1368779,1368893,114,"Leftclick","Leftclick","482","215","NoChange","Nonproduction"
"1468","1468","1468",1369802,1369960,158,"Leftclick","Leftclick","389","215","NoChange","Nonproduction"
"1469","1469","1469",1370459,1370680,221,"Leftclick","Leftclick","389","215","NoChange","Nonproduction"
"1470","1470","1470",1370985,1371082,97,"Leftclick","Leftclick","390","215","NoChange","Nonproduction"
"1471","1471","1471",1371338,1371493,155,"Leftclick","Leftclick","394","215","NoChange","Nonproduction"
"1472","1472","1472",1371683,1371728,45,"Leftclick","Leftclick","394","215","NoChange","Nonproduction"
"1473","1473","1473",1371900,1372039,139,"Leftclick","Leftclick","397","215","NoChange","Nonproduction"
"1474","1474","1474",1372132,1372296,164,"Leftclick","Leftclick","398","215","NoChange","Nonproduction"
"1475","1475","1475",1372376,1372519,143,"Leftclick","Leftclick","400","215","NoChange","Nonproduction"
"1476","1476","1476",1372612,1372773,161,"Leftclick","Leftclick","405","215","NoChange","Nonproduction"
"1477","1477","1477",1372867,1373020,153,"Leftclick","Leftclick","407","215","NoChange","Nonproduction"
"1478","1478","1478",1373122,1373255,133,"Leftclick","Leftclick","503","215","NoChange","Nonproduction"
"1479","1479","1479",1373397,1373512,115,"Leftclick","Leftclick","410","215","NoChange","Nonproduction"
"1480","1480","1480",1373661,1373806,145,"Leftclick","Leftclick","420","215","NoChange","Nonproduction"
"1481","1481","1481",1373927,1374047,120,"Leftclick","Leftclick","421","215","NoChange","Nonproduction"
"1482","1482","1482",1374133,1374271,138,"Leftclick","Leftclick","421","215","NoChange","Nonproduction"
"1483","1483","1483",1374382,1374520,138,"Leftclick","Leftclick","1244","215","NoChange","Nonproduction"
"1484","1484","1484",1374615,1374759,144,"Leftclick","Leftclick","514","215","NoChange","Nonproduction"
"1485","1485","1485",1374932,1374999,67,"Leftclick","Leftclick","606","215","NoChange","Nonproduction"
"1486","1486","1486",1375745,1375888,143,"Leftclick","Leftclick","497","215","NoChange","Nonproduction"
"1487","1487","1487",1376130,1376208,78,"Leftclick","Leftclick","495","215","NoChange","Nonproduction"
"1488","1488","1488",1376377,1376529,152,"Leftclick","Leftclick","494","215","NoChange","Nonproduction"
"1489","1489","1489",1376600,1376770,170,"Leftclick","Leftclick","499","215","NoChange","Nonproduction"
"1490","1490","1490",1376941,1377001,60,"Leftclick","Leftclick","493","215","NoChange","Nonproduction"
"1491","1491","1491",1377173,1377255,82,"Leftclick","Leftclick","397","215","NoChange","Nonproduction"
"1492","1492","1492",1377481,1377545,64,"Leftclick","Leftclick","304","215","NoChange","Nonproduction"
"1493","1493","1493",1377739,1377800,61,"Leftclick","Leftclick","391","215","NoChange","Nonproduction"
"1494","1494","1494",1377983,1378040,57,"Leftclick","Leftclick","397","215","NoChange","Nonproduction"
"1495","1495","1495",1378232,1378368,136,"Leftclick","Leftclick","300","215","NoChange","Nonproduction"
"1496","1496","1496",1378451,1378528,77,"Leftclick","Leftclick","302","215","NoChange","Nonproduction"
"1497","1497","1497",1378684,1378840,156,"Leftclick","Leftclick","298","215","NoChange","Nonproduction"
"1498","1498","1498",1378931,1379017,86,"Leftclick","Leftclick","302","215","NoChange","Nonproduction"
"1499","1499","1499",1379170,1379251,81,"Leftclick","Leftclick","1244","215","NoChange","Nonproduction"
"1500","1500","1500",1379402,1379496,94,"Leftclick","Leftclick","1244","215","NoChange","Nonproduction"
"1501","1501","1501",1379634,1379800,166,"Leftclick","Leftclick","1244","215","NoChange","Nonproduction"
"1502","1502","1502",1379895,1380053,158,"Leftclick","Leftclick","1244","215","NoChange","Nonproduction"
"1503","1503","1503",1380227,1380368,141,"Leftclick","Leftclick","1244","215","NoChange","Nonproduction"
"1504","1504","1504",1380538,1380600,62,"Leftclick","Leftclick","1244","215","NoChange","Nonproduction"
"1505","1505","1505",1380846,1380860,14,"Leftclick","Leftclick","1244","215","NoChange","Nonproduction"
"1506","1506","1506",1381051,1381160,109,"Leftclick","Leftclick","1244","215","NoChange","Nonproduction"
"1507","1507","1507",1381239,1381317,78,"Leftclick","Leftclick","1244","215","NoChange","Nonproduction"
"1508","1508","1508",1381483,1381570,87,"Leftclick","Leftclick","1244","215","NoChange","Nonproduction"
"1509","1509","1509",1381713,1381889,176,"Leftclick","Leftclick","1244","215","NoChange","Nonproduction"
"1510","1510","1510",1382031,1382119,88,"Leftclick","Leftclick","410","215","NoChange","Nonproduction"
"1511","1511","1511",1382285,1382369,84,"Leftclick","Leftclick","412","215","NoChange","Nonproduction"
"1512","1512","1512",1382676,1382768,92,"Leftclick","Leftclick","411","215","NoChange","Nonproduction"
"1513","1513","1513",1383655,1383800,145,"Leftclick","Leftclick","944","215","NoChange","Nonproduction"
"1514","1514","1514",1384116,1384325,209,"Leftclick","Leftclick","956","215","NoChange","Nonproduction"
"1515","1515","1515",1384464,1384548,84,"Leftclick","Leftclick","956","215","NoChange","Nonproduction"
"1516","1516","1516",1384695,1384769,74,"Leftclick","Leftclick","864","215","NoChange","Nonproduction"
"1517","1517","1517",1384945,1385080,135,"Leftclick","Leftclick","772","215","NoChange","Nonproduction"
"1518","1518","1518",1385189,1385321,132,"Leftclick","Leftclick","770","215","NoChange","Nonproduction"
"1519","1519","1519",1385493,1385568,75,"Leftclick","Leftclick","768","215","NoChange","Nonproduction"
"1520","1520","1520",1385671,1385806,135,"Leftclick","Leftclick","767","215","NoChange","Nonproduction"
"1521","1521","1521",1385889,1386048,159,"Leftclick","Leftclick","678","215","NoChange","Nonproduction"
"1522","1522","1522",1386131,1386279,148,"Leftclick","Leftclick","673","215","NoChange","Nonproduction"
"1523","1523","1523",1386358,1386520,162,"Leftclick","Leftclick","675","215","NoChange","Nonproduction"
"1524","1524","1524",1386613,1386788,175,"Leftclick","Leftclick","582","215","NoChange","Nonproduction"
"1525","1525","1525",1386846,1386953,107,"Leftclick","Leftclick","580","215","NoChange","Nonproduction"
"1526","1526","1526",1387087,1387168,81,"Leftclick","Leftclick","577","215","NoChange","Nonproduction"
"1527","1527","1527",1387334,1387425,91,"Leftclick","Leftclick","576","215","NoChange","Nonproduction"
"1528","1528","1528",1387564,1387667,103,"Leftclick","Leftclick","575","215","NoChange","Nonproduction"
"1529","1529","1529",1387799,1387905,106,"Leftclick","Leftclick","484","215","NoChange","Nonproduction"
"1530","1530","1530",1388066,1388127,61,"Leftclick","Leftclick","489","215","NoChange","Nonproduction"
"1531","1531","1531",1388282,1388368,86,"Leftclick","Leftclick","484","215","NoChange","Nonproduction"
"1532","1532","1532",1388450,1388625,175,"Leftclick","Leftclick","488","215","NoChange","Nonproduction"
"1533","1533","1533",1388693,1388847,154,"Leftclick","Leftclick","389","215","NoChange","Nonproduction"
"1534","1534","1534",1389023,1389094,71,"Leftclick","Leftclick","385","215","NoChange","Nonproduction"
"1535","1535","1535",1389194,1389348,154,"Leftclick","Leftclick","288","215","NoChange","Nonproduction"
"1536","1536","1536",1389437,1389567,130,"Leftclick","Leftclick","288","215","NoChange","Nonproduction"
"1537","1537","1537",1389737,1389807,70,"Leftclick","Leftclick","287","215","NoChange","Nonproduction"
"1538","1538","1538",1389977,1390128,151,"Leftclick","Leftclick","196","215","NoChange","Nonproduction"
"1539","1539","1539",1390214,1390360,146,"Leftclick","Leftclick","193","215","NoChange","Nonproduction"
"1540","1540","1540",1390467,1390623,156,"Leftclick","Leftclick","199","215","NoChange","Nonproduction"
"1541","1541","1541",1390776,1390928,152,"Leftclick","Leftclick","206","215","NoChange","Nonproduction"
"1542","1542","1542",1391016,1391170,154,"Leftclick","Leftclick","313","215","NoChange","Nonproduction"
"1543","1543","1543",1391340,1391407,67,"Leftclick","Leftclick","316","215","NoChange","Nonproduction"
"1544","1544","1544",1391627,1391746,119,"Leftclick","Leftclick","319","215","NoChange","Nonproduction"
"1545","1545","1545",1391902,1392047,145,"Leftclick","Leftclick","409","215","NoChange","Nonproduction"
"1546","1546","1546",1392183,1392312,129,"Leftclick","Leftclick","409","215","NoChange","Nonproduction"
"1547","1547","1547",1392473,1392608,135,"Leftclick","Leftclick","410","215","NoChange","Nonproduction"
"1548","1548","1548",1392694,1392867,173,"Leftclick","Leftclick","412","215","NoChange","Nonproduction"
"1549","1549","1549",1392928,1393095,167,"Leftclick","Leftclick","409","215","NoChange","Nonproduction"
"1550","1550","1550",1393245,1393369,124,"Leftclick","Leftclick","413","215","NoChange","Nonproduction"
"1551","1551","1551",1393490,1393639,149,"Leftclick","Leftclick","506","215","NoChange","Nonproduction"
"1552","1552","1552",1393799,1393880,81,"Leftclick","Leftclick","507","215","NoChange","Nonproduction"
"1553","1553","1553",1394043,1394200,157,"Leftclick","Leftclick","509","215","NoChange","Nonproduction"
"1554","1554","1554",1394249,1394441,192,"Leftclick","Leftclick","1244","215","NoChange","Nonproduction"
"1555","1555","1555",1394536,1394680,144,"Leftclick","Leftclick","1244","215","NoChange","Nonproduction"
"1556","1556","1556",1394838,1394927,89,"Leftclick","Leftclick","1244","215","NoChange","Nonproduction"
"1557","1557","1557",1395087,1395239,152,"Leftclick","Leftclick","1244","215","NoChange","Nonproduction"
"1558","1558","1558",1395335,1398625,3290,"Leftclick","Leftclick","1244","215","NoChange","Nonproduction"
"1559","1559","1559",1398867,1399030,163,"Leftclick","Leftclick","1244","215","NoChange","Nonproduction"
"1560","1560","1560",1399083,1399256,173,"Leftclick","Leftclick","412","215","NoChange","Nonproduction"
"1561","1561","1561",1399419,1399497,78,"Leftclick","Leftclick","411","215","NoChange","Nonproduction"
"1562","1562","1562",1399656,1399815,159,"Leftclick","Leftclick","413","215","NoChange","Nonproduction"
"1563","1563","1563",1399965,1400053,88,"Leftclick","Leftclick","411","215","NoChange","Nonproduction"
"1564","1564","1564",1400213,1400360,147,"Leftclick","Leftclick","413","215","NoChange","Nonproduction"
"1565","1565","1565",1400515,1400599,84,"Leftclick","Leftclick","1244","215","NoChange","Nonproduction"
"1566","1566","1566",1402296,1402439,143,"Leftclick","Leftclick","411","215","NoChange","Nonproduction"
"1567","1567","1567",1404013,1405159,1146,"Leftclick","Leftclick","409","215","NoChange","Nonproduction"
"1568","1568","1568",1405480,1405659,179,"Leftclick","Leftclick","504","215","NoChange","Nonproduction"
"1569","1569","1569",1406536,1406707,171,"Leftclick","Leftclick","503","215","NoChange","Nonproduction"
"1570","1570","1570",1406938,1407008,70,"Leftclick","Leftclick","499","215","NoChange","Nonproduction"
"1571","1571","1571",1407176,1407400,224,"Leftclick","Leftclick","498","215","NoChange","Nonproduction"
"1572","1572","1572",1407496,1407673,177,"Leftclick","Leftclick","499","215","NoChange","Nonproduction"
"1573","1573","1573",1407746,1407880,134,"Leftclick","Leftclick","493","215","NoChange","Nonproduction"
"1574","1574","1574",1408043,1408208,165,"Leftclick","Leftclick","498","215","NoChange","Nonproduction"
"1575","1575","1575",1408642,1408850,208,"Leftclick","Leftclick","492","215","NoChange","Nonproduction"
"1576","1576","1576",1409059,1409241,182,"Leftclick","Leftclick","492","215","NoChange","Nonproduction"
"1577","1577","1577",1417288,1418600,1312,"Leftclick","Leftclick","225","215","NoChange","Nonproduction"
"1578","1578","1578",1423967,1424199,232,"Leftclick","Leftclick","225","215","NoChange","Nonproduction"
"1579","1579","1579",1424529,1426770,2241,"Leftclick","Leftclick","313","215","NoChange","Nonproduction"
"1580","1580","1580",1433082,1433239,157,"Leftclick","Leftclick","313","215","NoChange","Nonproduction"
"1581","1581","1581",1433797,1433960,163,"Leftclick","Leftclick","308","215","NoChange","Nonproduction"
"1582","1582","1582",1434214,1434296,82,"Leftclick","Leftclick","309","215","NoChange","Nonproduction"
"1583","1583","1583",1434529,1434608,79,"Leftclick","Leftclick","318","215","NoChange","Nonproduction"
"1584","1584","1584",1434760,1434919,159,"Leftclick","Leftclick","329","215","NoChange","Nonproduction"
"1585","1585","1585",1435100,1435258,158,"Leftclick","Leftclick","338","215","NoChange","Nonproduction"
"1586","1586","1586",1435413,1435508,95,"Leftclick","Leftclick","440","215","NoChange","Nonproduction"
"1587","1587","1587",1435648,1435809,161,"Leftclick","Leftclick","340","215","NoChange","Nonproduction"
"1588","1588","1588",1435976,1436039,63,"Leftclick","Leftclick","340","215","NoChange","Nonproduction"
"1589","1589","1589",1436244,1436370,126,"Leftclick","Leftclick","428","215","NoChange","Nonproduction"
"1590","1590","1590",1436513,1436608,95,"Leftclick","Leftclick","428","215","NoChange","Nonproduction"
"1591","1591","1591",1436859,1437005,146,"Leftclick","Leftclick","425","215","NoChange","Nonproduction"
"1592","1592","1592",1437830,1437974,144,"Leftclick","Leftclick","240","215","NoChange","Nonproduction"
"1593","1593","1593",1438456,1438599,143,"Leftclick","Leftclick","236","215","NoChange","Nonproduction"
"1594","1594","1594",1439501,1439617,116,"Leftclick","Leftclick","502","215","NoChange","Nonproduction"
"1595","1595","1595",1440140,1440194,54,"Leftclick","Leftclick","503","215","NoChange","Nonproduction"
"1596","1596","1596",1441015,1441167,152,"Leftclick","Leftclick","775","215","NoChange","Nonproduction"
"1597","1597","1597",1441301,1441400,99,"Leftclick","Leftclick","596","215","NoChange","Nonproduction"
"1598","1598","1598",1441515,1441654,139,"Leftclick","Leftclick","682","215","NoChange","Nonproduction"
"1599","1599","1599",1441818,1441903,85,"Leftclick","Leftclick","595","215","NoChange","Nonproduction"
"1600","1600","1600",1441977,1442138,161,"Leftclick","Leftclick","598","215","NoChange","Nonproduction"
"1601","1601","1601",1442263,1442452,189,"Leftclick","Leftclick","603","215","NoChange","Nonproduction"
"1602","1602","1602",1442515,1442691,176,"Leftclick","Leftclick","605","215","NoChange","Nonproduction"
"1603","1603","1603",1442768,1442863,95,"Leftclick","Leftclick","606","215","NoChange","Nonproduction"
"1604","1604","1604",1443081,1443231,150,"Leftclick","Leftclick","608","215","NoChange","Nonproduction"
"1605","1605","1605",1443314,1443441,127,"Leftclick","Leftclick","517","215","NoChange","Nonproduction"
"1606","1606","1606",1443570,1443807,237,"Leftclick","Leftclick","520","215","NoChange","Nonproduction"
"1607","1607","1607",1443823,1443960,137,"Leftclick","Leftclick","1244","215","NoChange","Nonproduction"
"1608","1608","1608",1444111,1444216,105,"Leftclick","Leftclick","1244","215","NoChange","Nonproduction"
"1609","1609","1609",1444437,1444600,163,"Leftclick","Leftclick","1244","215","NoChange","Nonproduction"
"1610","1610","1610",1444777,1444920,143,"Leftclick","Leftclick","606","215","NoChange","Nonproduction"
"1611","1611","1611",1444998,1445177,179,"Leftclick","Leftclick","603","215","NoChange","Nonproduction"
"1612","1612","1612",1445260,1445408,148,"Leftclick","Leftclick","511","215","NoChange","Nonproduction"
"1613","1613","1613",1445494,1445640,146,"Leftclick","Leftclick","511","215","NoChange","Nonproduction"
"1614","1614","1614",1445675,1445799,124,"Leftclick","Leftclick","513","215","NoChange","Nonproduction"
"1615","1615","1615",1445956,1446054,98,"Leftclick","Leftclick","1244","215","NoChange","Nonproduction"
"1616","1616","1616",1446115,1446280,165,"Leftclick","Leftclick","511","215","NoChange","Nonproduction"
"1617","1617","1617",1446362,1446448,86,"Leftclick","Leftclick","513","215","NoChange","Nonproduction"
"1618","1618","1618",1446535,1446679,144,"Leftclick","Leftclick","1244","215","NoChange","Nonproduction"
"1619","1619","1619",1446774,1446847,73,"Leftclick","Leftclick","1244","215","NoChange","Nonproduction"
"1620","1620","1620",1446963,1447080,117,"Leftclick","Leftclick","1244","215","NoChange","Nonproduction"
"1621","1621","1621",1447200,1447200,0,"Leftclick","Leftclick","1244","215","NoChange","Nonproduction"
"1622","1622","1622",1447482,1447668,186,"Leftclick","Leftclick","1244","215","NoChange","Nonproduction"
"1623","1623","1623",1447733,1447887,154,"Leftclick","Leftclick","1244","215","NoChange","Nonproduction"
"1624","1624","1624",1447991,1448128,137,"Leftclick","Leftclick","404","215","NoChange","Nonproduction"
"1625","1625","1625",1448213,1448359,146,"Leftclick","Leftclick","404","215","NoChange","Nonproduction"
"1626","1626","1626",1448374,1448519,145,"Leftclick","Leftclick","405","215","NoChange","Nonproduction"
"1627","1627","1627",1448681,1448703,22,"Leftclick","Leftclick","403","215","NoChange","Nonproduction"
"1628","1628","1628",1448864,1449022,158,"Leftclick","Leftclick","403","215","NoChange","Nonproduction"
"1629","1629","1629",1449094,1449177,83,"Leftclick","Leftclick","402","215","NoChange","Nonproduction"
"1630","1630","1630",1449335,1449408,73,"Leftclick","Leftclick","402","215","NoChange","Nonproduction"
"1631","1631","1631",1449497,1449655,158,"Leftclick","Leftclick","400","215","NoChange","Nonproduction"
"1632","1632","1632",1449749,1449832,83,"Leftclick","Leftclick","400","215","NoChange","Nonproduction"
"1633","1633","1633",1449961,1450047,86,"Leftclick","Leftclick","398","215","NoChange","Nonproduction"
"1634","1634","1634",1450126,1450287,161,"Leftclick","Leftclick","398","215","NoChange","Nonproduction"
"1635","1635","1635",1450347,1450529,182,"Leftclick","Leftclick","405","215","NoChange","Nonproduction"
"1636","1636","1636",1450608,1450680,72,"Leftclick","Leftclick","1244","215","NoChange","Nonproduction"
"1637","1637","1637",1450846,1450919,73,"Leftclick","Leftclick","397","215","NoChange","Nonproduction"
"1638","1638","1638",1451014,1451169,155,"Leftclick","Leftclick","397","215","NoChange","Nonproduction"
"1639","1639","1639",1451275,1451411,136,"Leftclick","Leftclick","396","215","NoChange","Nonproduction"
"1640","1640","1640",1451475,1451642,167,"Leftclick","Leftclick","397","215","NoChange","Nonproduction"
"1641","1641","1641",1451816,1451880,64,"Leftclick","Leftclick","395","215","NoChange","Nonproduction"
"1642","1642","1642",1451909,1452057,148,"Leftclick","Leftclick","395","215","NoChange","Nonproduction"
"1643","1643","1643",1452229,1452288,59,"Leftclick","Leftclick","395","215","NoChange","Nonproduction"
"1644","1644","1644",1452361,1452528,167,"Leftclick","Leftclick","393","215","NoChange","Nonproduction"
"1645","1645","1645",1452618,1452760,142,"Leftclick","Leftclick","392","215","NoChange","Nonproduction"
"1646","1646","1646",1452809,1452920,111,"Leftclick","Leftclick","392","215","NoChange","Nonproduction"
"1647","1647","1647",1453016,1453160,144,"Leftclick","Leftclick","397","215","NoChange","Nonproduction"
"1648","1648","1648",1453239,1453399,160,"Leftclick","Leftclick","485","215","NoChange","Nonproduction"
"1649","1649","1649",1453584,1453727,143,"Leftclick","Leftclick","490","215","NoChange","Nonproduction"
"1650","1650","1650",1454239,1454280,41,"Leftclick","Leftclick","495","215","NoChange","Nonproduction"
"1651","1651","1651",1454456,1454536,80,"Leftclick","Leftclick","499","215","NoChange","Nonproduction"
"1652","1652","1652",1454701,1454850,149,"Leftclick","Leftclick","503","215","NoChange","Nonproduction"
"1653","1653","1653",1454876,1455008,132,"Leftclick","Leftclick","500","215","NoChange","Nonproduction"
"1654","1654","1654",1455174,1455239,65,"Leftclick","Leftclick","504","215","NoChange","Nonproduction"
"1655","1655","1655",1455342,1455481,139,"Leftclick","Leftclick","1244","215","NoChange","Nonproduction"
"1656","1656","1656",1455646,1455747,101,"Leftclick","Leftclick","1244","215","NoChange","Nonproduction"
"1657","1657","1657",1455806,1455967,161,"Leftclick","Leftclick","500","215","NoChange","Nonproduction"
"1658","1658","1658",1456045,1456201,156,"Leftclick","Leftclick","504","215","NoChange","Nonproduction"
"1659","1659","1659",1456296,1456367,71,"Leftclick","Leftclick","1244","215","NoChange","Nonproduction"
"1660","1660","1660",1456513,1456601,88,"Leftclick","Leftclick","1244","215","NoChange","Nonproduction"
"1661","1661","1661",1456681,1456840,159,"Leftclick","Leftclick","1244","215","NoChange","Nonproduction"
"1662","1662","1662",1456934,1457082,148,"Leftclick","Leftclick","501","215","NoChange","Nonproduction"
"1663","1663","1663",1457145,1457280,135,"Leftclick","Leftclick","594","215","NoChange","Nonproduction"
"1664","1664","1664",1457415,1457503,88,"Leftclick","Leftclick","594","215","NoChange","Nonproduction"
"1665","1665","1665",1457656,1457721,65,"Leftclick","Leftclick","598","215","NoChange","Nonproduction"
"1666","1666","1666",1457903,1457967,64,"Leftclick","Leftclick","599","215","NoChange","Nonproduction"
"1667","1667","1667",1460848,1460921,73,"Leftclick","Leftclick","508","215","NoChange","Nonproduction"
"1668","1668","1668",1461083,1461159,76,"Leftclick","Leftclick","509","215","NoChange","Nonproduction"
"1669","1669","1669",1461320,1461399,79,"Leftclick","Leftclick","1244","215","NoChange","Nonproduction"
"1670","1670","1670",1466593,1466760,167,"Leftclick","Leftclick","508","215","NoChange","Nonproduction"
"1671","1671","1671",1466923,1467087,164,"Leftclick","Leftclick","509","215","NoChange","Nonproduction"
"1672","1672","1672",1468948,1469088,140,"Leftclick","Leftclick","507","215","NoChange","Nonproduction"
"1673","1673","1673",1479498,1479639,141,"Leftclick","Leftclick","693","215","NoChange","Nonproduction"
"1674","1674","1674",1479970,1480047,77,"Leftclick","Leftclick","785","215","NoChange","Nonproduction"
"1675","1675","1675",1480381,1480527,146,"Leftclick","Leftclick","1050","215","NoChange","Nonproduction"
"1676","1676","1676",1480921,1481079,158,"Leftclick","Leftclick","1050","215","NoChange","Nonproduction"
"1677","1677","1677",1481561,1481728,167,"Leftclick","Leftclick","788","215","NoChange","Nonproduction"
"1678","1678","1678",1482038,1482119,81,"Leftclick","Leftclick","699","215","NoChange","Nonproduction"
"1679","1679","1679",1482443,1482519,76,"Leftclick","Leftclick","526","215","NoChange","Nonproduction"
"1680","1680","1680",1482694,1482767,73,"Leftclick","Leftclick","530","215","NoChange","Nonproduction"
"1681","1681","1681",1483002,1483090,88,"Leftclick","Leftclick","1244","215","NoChange","Nonproduction"
"1682","1682","1682",1483256,1483319,63,"Leftclick","Leftclick","1244","215","NoChange","Nonproduction"
"1683","1683","1683",1483481,1483639,158,"Leftclick","Leftclick","1244","215","NoChange","Nonproduction"
"1684","1684","1684",1483718,1483887,169,"Leftclick","Leftclick","1244","215","NoChange","Nonproduction"
"1685","1685","1685",1483968,1484127,159,"Leftclick","Leftclick","1244","215","NoChange","Nonproduction"
"1686","1686","1686",1484206,1484359,153,"Leftclick","Leftclick","1244","215","NoChange","Nonproduction"
"1687","1687","1687",1484527,1484623,96,"Leftclick","Leftclick","523","215","NoChange","Nonproduction"
"1688","1688","1688",1484780,1484944,164,"Leftclick","Leftclick","522","215","NoChange","Nonproduction"
"1689","1689","1689",1485070,1485169,99,"Leftclick","Leftclick","521","215","NoChange","Nonproduction"
"1690","1690","1690",1485327,1485487,160,"Leftclick","Leftclick","530","215","NoChange","Nonproduction"
"1691","1691","1691",1485567,1485720,153,"Leftclick","Leftclick","1244","215","NoChange","Nonproduction"
"1692","1692","1692",1485799,1485976,177,"Leftclick","Leftclick","1244","215","NoChange","Nonproduction"
"1693","1693","1693",1486120,1486367,247,"Leftclick","Leftclick","1244","215","NoChange","Nonproduction"
"1694","1694","1694",1486784,1486935,151,"Leftclick","Leftclick","520","215","NoChange","Nonproduction"
"1695","1695","1695",1487243,1487399,156,"Leftclick","Leftclick","614","215","NoChange","Nonproduction"
"1696","1696","1696",1491096,1491239,143,"Leftclick","Leftclick","625","215","NoChange","Nonproduction"
"1697","1697","1697",1491341,1491480,139,"Leftclick","Leftclick","627","215","NoChange","Nonproduction"
"1698","1698","1698",1491560,1491661,101,"Leftclick","Leftclick","632","215","NoChange","Nonproduction"
"1699","1699","1699",1491828,1491896,68,"Leftclick","Leftclick","703","215","NoChange","Nonproduction"
"1700","1700","1700",1491975,1492156,181,"Leftclick","Leftclick","780","215","NoChange","Nonproduction"
"1701","1701","1701",1492300,1492304,4,"Leftclick","Leftclick","774","215","NoChange","Nonproduction"
"1702","1702","1702",1492465,1492519,54,"Leftclick","Leftclick","772","215","NoChange","Nonproduction"
"1703","1703","1703",1492614,1492759,145,"Leftclick","Leftclick","683","215","NoChange","Nonproduction"
"1704","1704","1704",1492844,1492934,90,"Leftclick","Leftclick","686","215","NoChange","Nonproduction"
"1705","1705","1705",1493050,1493174,124,"Leftclick","Leftclick","768","215","NoChange","Nonproduction"
"1706","1706","1706",1493255,1493400,145,"Leftclick","Leftclick","681","215","NoChange","Nonproduction"
"1707","1707","1707",1493499,1493648,149,"Leftclick","Leftclick","684","215","NoChange","Nonproduction"
"1708","1708","1708",1493768,1493903,135,"Leftclick","Leftclick","685","215","NoChange","Nonproduction"
"1709","1709","1709",1493971,1494039,68,"Leftclick","Leftclick","687","215","NoChange","Nonproduction"
"1710","1710","1710",1511026,1511094,68,"Leftclick","Leftclick","597","215","NoChange","Nonproduction"
"1711","1711","1711",1512838,1512928,90,"Leftclick","Leftclick","1237","215","NoChange","Nonproduction"
"1712","1712","1712",1512996,1513168,172,"Leftclick","Leftclick","1242","215","NoChange","Nonproduction"
"1713","1713","1713",1515091,1515436,345,"a","a","1235","215","anywhere => a","Replace"
"1714","1714","1714",1515395,1515640,245,"n","n","1236","215","n","Input"
"1715","1715","1715",1515726,1516129,403,"y","y","1237","215","y","Input"
"1716","1716","1716",1516924,1517160,236,"w","w","1238","215","w","Input"
"1717","1717","1717",1517175,1517410,235,"h","h","1239","215","h","Input"
"1718","1718","1718",1517400,1517799,399,"e","e","1240","215","e","Input"
"1719","1719","1719",1517726,1517959,233,"r","r","1241","215","r","Input"
"1720","1720","1720",1517969,1518288,319,"e","e","1242","215","e","Input"
"1721","1721","1721",1520677,1520848,171,"Leftclick","Leftclick","886","215","NoChange","Nonproduction"
"1722","1722","1722",1521079,1521239,160,"Leftclick","Leftclick","610","215","NoChange","Nonproduction"
"1723","1723","1723",1521907,1522040,133,"Leftclick","Leftclick","697","215","NoChange","Nonproduction"
"1724","1724","1724",1522453,1522455,2,"Leftclick","Leftclick","778","215","NoChange","Nonproduction"
"1725","1725","1725",1522837,1522920,83,"Leftclick","Leftclick","779","215","NoChange","Nonproduction"
"1726","1726","1726",1523157,1523255,98,"Leftclick","Leftclick","1244","215","NoChange","Nonproduction"
"1727","1727","1727",1523566,1523590,24,"Leftclick","Leftclick","865","215","NoChange","Nonproduction"
"1728","1728","1728",1524276,1524439,163,"Leftclick","Leftclick","865","215","NoChange","Nonproduction"
"1729","1729","1729",1524842,1525007,165,"Leftclick","Leftclick","959","215","NoChange","Nonproduction"
"1730","1730","1730",1525243,1525327,84,"Leftclick","Leftclick","963","215","NoChange","Nonproduction"
"1731","1731","1731",1525478,1525559,81,"Leftclick","Leftclick","1244","215","NoChange","Nonproduction"
"1732","1732","1732",1525745,1525887,142,"Leftclick","Leftclick","1244","215","NoChange","Nonproduction"
"1733","1733","1733",1526038,1526119,81,"Leftclick","Leftclick","866","215","NoChange","Nonproduction"
"1734","1734","1734",1526287,1526440,153,"Leftclick","Leftclick","870","215","NoChange","Nonproduction"
"1735","1735","1735",1526549,1526687,138,"Leftclick","Leftclick","1244","215","NoChange","Nonproduction"
"1736","1736","1736",1526844,1526999,155,"Leftclick","Leftclick","1244","215","NoChange","Nonproduction"
"1737","1737","1737",1527159,1527480,321,"Leftclick","Leftclick","1244","215","NoChange","Nonproduction"
"1738","1738","1738",1527654,1529648,1994,"Leftclick","Leftclick","1244","215","NoChange","Nonproduction"
"1739","1739","1739",1529805,1529904,99,"Leftclick","Leftclick","866","215","NoChange","Nonproduction"
"1740","1740","1740",1530121,1530200,79,"Leftclick","Leftclick","864","215","NoChange","Nonproduction"
"1741","1741","1741",1536686,1536840,154,"Leftclick","Leftclick","964","215","NoChange","Nonproduction"
"1742","1742","1742",1537176,1537319,143,"Leftclick","Leftclick","771","215","NoChange","Nonproduction"
"1743","1743","1743",1537507,1537641,134,"Leftclick","Leftclick","769","215","NoChange","Nonproduction"
"1744","1744","1744",1537820,1537873,53,"Leftclick","Leftclick","767","215","NoChange","Nonproduction"
"1745","1745","1745",1538082,1538181,99,"Leftclick","Leftclick","767","215","NoChange","Nonproduction"
"1746","1746","1746",1538382,1538439,57,"Leftclick","Leftclick","577","215","NoChange","Nonproduction"
"1747","1747","1747",1538921,1539010,89,"Leftclick","Leftclick","574","215","NoChange","Nonproduction"
"1748","1748","1748",1539174,1539327,153,"Leftclick","Leftclick","565","215","NoChange","Nonproduction"
"1749","1749","1749",1539528,1539640,112,"Leftclick","Leftclick","371","215","NoChange","Nonproduction"
"1750","1750","1750",1539979,1540039,60,"Leftclick","Leftclick","283","215","NoChange","Nonproduction"
"1751","1751","1751",1540317,1540385,68,"Leftclick","Leftclick","194","215","NoChange","Nonproduction"
"1752","1752","1752",1540635,1540727,92,"Leftclick","Leftclick","202","215","NoChange","Nonproduction"
"1753","1753","1753",1540925,1541008,83,"Leftclick","Leftclick","213","215","NoChange","Nonproduction"
"1754","1754","1754",1541199,1541327,128,"Leftclick","Leftclick","225","215","NoChange","Nonproduction"
"1755","1755","1755",1541505,1541583,78,"Leftclick","Leftclick","423","215","NoChange","Nonproduction"
"1756","1756","1756",1541906,1541967,61,"Leftclick","Leftclick","350","215","NoChange","Nonproduction"
"1757","1757","1757",1542193,1542288,95,"Leftclick","Leftclick","341","215","NoChange","Nonproduction"
"1758","1758","1758",1542505,1542600,95,"Leftclick","Leftclick","428","215","NoChange","Nonproduction"
"1759","1759","1759",1542761,1542921,160,"Leftclick","Leftclick","421","215","NoChange","Nonproduction"
"1760","1760","1760",1543100,1543191,91,"Leftclick","Leftclick","317","215","NoChange","Nonproduction"
"1761","1761","1761",1543363,1543537,174,"Leftclick","Leftclick","308","215","NoChange","Nonproduction"
"1762","1762","1762",1543725,1543799,74,"Leftclick","Leftclick","394","215","NoChange","Nonproduction"
"1763","1763","1763",1545259,1545400,141,"Leftclick","Leftclick","1058","215","NoChange","Nonproduction"
"1764","1764","1764",1545478,1545567,89,"Leftclick","Leftclick","1062","215","NoChange","Nonproduction"
"1765","1765","1765",1547072,1547240,168,"w","w","1057","214","would  => w","Replace"
"1766","1766","1766",1547325,1547496,171,"o","o","1058","214","o","Input"
"1767","1767","1767",1547638,1547800,162,"u","u","1059","214","u","Input"
"1768","1768","1768",1547969,1548207,238,"l","l","1060","214","l","Input"
"1769","1769","1769",1548292,1548608,316,"d","d","1061","214","d","Input"
"1770","1770","1770",1548626,1548999,373,"Space","Space","1062","215"," ","Input"
"1771","1771","1771",1550943,1551247,304,"Leftclick","Leftclick","591","215","NoChange","Nonproduction"
"1772","1772","1772",1551326,1551487,161,"Leftclick","Leftclick","595","215","NoChange","Nonproduction"
"1773","1773","1773",1552119,1552217,98,"Leftclick","Leftclick","582","215","NoChange","Nonproduction"
"1774","1774","1774",1552606,1552688,82,"Leftclick","Leftclick","579","215","NoChange","Nonproduction"
"1775","1775","1775",1552939,1552999,60,"Leftclick","Leftclick","575","215","NoChange","Nonproduction"
"1776","1776","1776",1553100,1553251,151,"Leftclick","Leftclick","575","215","NoChange","Nonproduction"
"1777","1777","1777",1553335,1553488,153,"Leftclick","Leftclick","568","215","NoChange","Nonproduction"
"1778","1778","1778",1553641,1553720,79,"Leftclick","Leftclick","658","215","NoChange","Nonproduction"
"1779","1779","1779",1553908,1553959,51,"Leftclick","Leftclick","658","215","NoChange","Nonproduction"
"1780","1780","1780",1554140,1554199,59,"Leftclick","Leftclick","660","215","NoChange","Nonproduction"
"1781","1781","1781",1554378,1554439,61,"Leftclick","Leftclick","751","215","NoChange","Nonproduction"
"1782","1782","1782",1554610,1554759,149,"Leftclick","Leftclick","754","215","NoChange","Nonproduction"
"1783","1783","1783",1554925,1555008,83,"Leftclick","Leftclick","674","215","NoChange","Nonproduction"
"1784","1784","1784",1555174,1555247,73,"Leftclick","Leftclick","684","215","NoChange","Nonproduction"
"1785","1785","1785",1555382,1555479,97,"Leftclick","Leftclick","685","215","NoChange","Nonproduction"
"1786","1786","1786",1555654,1555808,154,"Leftclick","Leftclick","596","215","NoChange","Nonproduction"
"1787","1787","1787",1555976,1556128,152,"Leftclick","Leftclick","597","215","NoChange","Nonproduction"
"1788","1788","1788",1556302,1556368,66,"Leftclick","Leftclick","511","215","NoChange","Nonproduction"
"1789","1789","1789",1556548,1556607,59,"Leftclick","Leftclick","419","215","NoChange","Nonproduction"
"1790","1790","1790",1556780,1556928,148,"Leftclick","Leftclick","424","215","NoChange","Nonproduction"
"1791","1791","1791",1557123,1557248,125,"Leftclick","Leftclick","429","215","NoChange","Nonproduction"
"1792","1792","1792",1557326,1557479,153,"Leftclick","Leftclick","345","215","NoChange","Nonproduction"
"1793","1793","1793",1557636,1557835,199,"Leftclick","Leftclick","349","215","NoChange","Nonproduction"
"1794","1794","1794",1558046,1558120,74,"Leftclick","Leftclick","339","215","NoChange","Nonproduction"
"1795","1795","1795",1558379,1558439,60,"Leftclick","Leftclick","334","215","NoChange","Nonproduction"
"1796","1796","1796",1558690,1558783,93,"Leftclick","Leftclick","328","215","NoChange","Nonproduction"
"1797","1797","1797",1559030,1559168,138,"Leftclick","Leftclick","319","215","NoChange","Nonproduction"
"1798","1798","1798",1559345,1559411,66,"Leftclick","Leftclick","317","215","NoChange","Nonproduction"
"1799","1799","1799",1559560,1559719,159,"Leftclick","Leftclick","316","215","NoChange","Nonproduction"
"1800","1800","1800",1559873,1559959,86,"Leftclick","Leftclick","307","215","NoChange","Nonproduction"
"1801","1801","1801",1560209,1560440,231,"Leftclick","Leftclick","211","215","NoChange","Nonproduction"
"1802","1802","1802",1560618,1560680,62,"Leftclick","Leftclick","209","215","NoChange","Nonproduction"
"1803","1803","1803",1560920,1561016,96,"Leftclick","Leftclick","207","215","NoChange","Nonproduction"
"1804","1804","1804",1561269,1561320,51,"Leftclick","Leftclick","202","215","NoChange","Nonproduction"
"1805","1805","1805",1561570,1561639,69,"Leftclick","Leftclick","197","215","NoChange","Nonproduction"
"1806","1806","1806",1561890,1561984,94,"Leftclick","Leftclick","192","215","NoChange","Nonproduction"
"1807","1807","1807",1562221,1562287,66,"Leftclick","Leftclick","105","215","NoChange","Nonproduction"
"1808","1808","1808",1562859,1562920,61,"Leftclick","Leftclick","686","215","NoChange","Nonproduction"
"1809","1809","1809",1563071,1563177,106,"Leftclick","Leftclick","687","215","NoChange","Nonproduction"
"1810","1810","1810",1563725,1563808,83,"Leftclick","Leftclick","686","215","NoChange","Nonproduction"
"1811","1811","1811",1564138,1564207,69,"Leftclick","Leftclick","680","215","NoChange","Nonproduction"
"1812","1812","1812",1564440,1564521,81,"Leftclick","Leftclick","681","215","NoChange","Nonproduction"
"1813","1813","1813",1564762,1564929,167,"Leftclick","Leftclick","683","215","NoChange","Nonproduction"
"1814","1814","1814",1589656,1589741,85,"Leftclick","Leftclick","956","215","NoChange","Nonproduction"
"1815","1815","1815",1590061,1590119,58,"Leftclick","Leftclick","866","215","NoChange","Nonproduction"
"1816","1816","1816",1612175,1612280,105,"Leftclick","Leftclick","1050","215","NoChange","Nonproduction"
"1817","1817","1817",1612684,1612839,155,"Leftclick","Leftclick","1061","215","NoChange","Nonproduction"
"1818","1818","1818",1613155,1613328,173,"Leftclick","Leftclick","792","215","NoChange","Nonproduction"
"1819","1819","1819",1679638,1679808,170,"Leftclick","Leftclick","799","215","NoChange","Nonproduction"
"1820","1820","1820",1687036,1687235,199,"Leftclick","Leftclick","881","215","NoChange","Nonproduction"
"1821","1821","1821",1687637,1687808,171,"Leftclick","Leftclick","876","215","NoChange","Nonproduction"
"1822","1822","1822",1689399,1689560,161,"Leftclick","Leftclick","1054","215","NoChange","Nonproduction"
"1823","1823","1823",1699019,1699159,140,"Leftclick","Leftclick","704","215","NoChange","Nonproduction"
"1824","1824","1824",1699573,1699728,155,"Leftclick","Leftclick","527","215","NoChange","Nonproduction"
"1825","1825","1825",1707165,1707320,155,"Leftclick","Leftclick","525","215","NoChange","Nonproduction"
"1826","1826","1826",1707652,1707799,147,"Leftclick","Leftclick","349","215","NoChange","Nonproduction"
"1827","1827","1827",1708225,1708287,62,"Leftclick","Leftclick","430","215","NoChange","Nonproduction"
"1828","1828","1828",1708708,1708839,131,"Leftclick","Leftclick","515","215","NoChange","Nonproduction"
"1829","1829","1829",1709165,1709239,74,"Leftclick","Leftclick","696","215","NoChange","Nonproduction"
"1830","1830","1830",1709562,1709641,79,"Leftclick","Leftclick","973","215","NoChange","Nonproduction"
"1831","1831","1831",1710036,1710199,163,"Leftclick","Leftclick","885","215","NoChange","Nonproduction"
"1832","1832","1832",1710450,1710599,149,"Leftclick","Leftclick","615","215","NoChange","Nonproduction"
"1833","1833","1833",1710916,1710999,83,"Leftclick","Leftclick","410","215","NoChange","Nonproduction"
"1834","1834","1834",1711393,1711484,91,"Leftclick","Leftclick","393","215","NoChange","Nonproduction"
"1835","1835","1835",1711880,1712040,160,"Leftclick","Leftclick","575","215","NoChange","Nonproduction"
"1836","1836","1836",1715500,1715561,61,"Leftclick","Leftclick","585","215","NoChange","Nonproduction"
"1837","1837","1837",1717077,1717240,163,"Leftclick","Leftclick","587","215","NoChange","Nonproduction"
"1838","1838","1838",1717796,1717968,172,"Leftclick","Leftclick","594","215","NoChange","Nonproduction"
"1839","1839","1839",1718339,1718448,109,"Leftclick","Leftclick","594","215","NoChange","Nonproduction"
"1840","1840","1840",1718867,1719007,140,"Leftclick","Leftclick","602","215","NoChange","Nonproduction"
"1841","1841","1841",1719335,1719487,152,"Leftclick","Leftclick","702","215","NoChange","Nonproduction"
"1842","1842","1842",1719927,1720040,113,"Leftclick","Leftclick","782","215","NoChange","Nonproduction"
"1843","1843","1843",1720224,1720359,135,"Leftclick","Leftclick","774","215","NoChange","Nonproduction"
"1844","1844","1844",1720532,1720730,198,"Leftclick","Leftclick","779","215","NoChange","Nonproduction"
"1845","1845","1845",1721010,1721095,85,"Leftclick","Leftclick","776","215","NoChange","Nonproduction"
"1846","1846","1846",1721733,1721880,147,"Leftclick","Leftclick","855","215","NoChange","Nonproduction"
"1847","1847","1847",1775320,1775568,248,"Leftclick","Leftclick","970","215","NoChange","Nonproduction"
